
[1.864, 0.301, 1.98, 0.331]
[0.9, 0.121, 1.07, 0.008]
[0.998, 0.862, 0.888, 0.814]
[0.567, 0.572, 0.519, 0.463]
[1.9, 0.478, 1.955, 0.394]
[1.87, 0.163, 1.729, 0.217]
[1.154, 0.849, 1.088, 0.798]
[0.143, 0.417, 0.053, 0.451]
[1.873, 0.182, 1.855, 0.189]
[0.206, 0.532, 0.227, 0.253]
[0.801, 0.552, 0.727, 0.372]
[0.539, 0.436, 0.526, 0.238]
[0.91, 0.125, 1.707, 0.009]
[0.044, 0.534, 0.107, 0.844]
[1.56, -0.042, 1.81, 0.026]
[1.523, 0.571, 1.514, 0.407]
[1.036, 0.727, 1.099, 0.492]
[1.155, 0.807, 1.097, 0.691]
[1.728, 0.718, 1.903, 0.553]
[1.549, 0.464, 1.445, 0.34]
[1.235, 0.8, 1.219, 0.648]
[1.779, 0.323, 1.689, 0.33]
[0.038, 0.468, 0.05, 0.7]
[1.678, 0.195, 1.615, 0.191]
[-0.012, 0.596, 0.122, 0.68]
[0.575, 0.57, 0.524, 0.378]
[0.089, 0.594, 0.193, 0.366]
[0.781, 0.718, 0.743, 0.565]
[1.644, 0.336, 1.501, 0.321]
[1.717, 0.74, 1.865, 0.591]
[0.549, 0.822, 0.511, 0.929]
[0.996, 0.808, 0.925, 0.765]
[1.194, 0.775, 1.097, 0.903]
[1.211, 0.873, 1.133, 0.838]
[1.295, 0.601, 1.657, 0.282]
[0.145, 0.468, 0.115, 0.287]
[0.269, 0.656, 0.295, 0.946]
[0.269, 0.662, 0.3, 0.84]
[1.301, 0.634, 1.239, 0.459]
[1.545, 0.262, 1.431, 0.239]
[1.147, 0.659, 1.071, 0.583]
[1.153, 0.652, 1.069, 0.484]
[0.923, 0.69, 0.852, 0.519]
[1.297, 0.49, 1.157, 0.34]
[0.704, 0.79, 0.654, 0.835]
[1.15, 0.149, 0.893, 0.1]
[1.372, 0.192, 1.217, 0.177]
[1.669, 0.805, 1.739, 0.699]
[1.387, 0.298, 1.223, 0.248]
[1.834, 0.157, 1.842, 0.167]
[1.069, 0.464, 1.01, 0.365]
[1.52, 0.882, 1.417, 0.847]
[0.087, 0.51, 0.115, 0.436]
[0.286, 0.611, 0.298, 0.897]
[1.189, 0.679, 1.118, 0.507]
[0.962, 0.53, 0.868, 0.375]
[0.828, 0.805, 0.755, 0.723]
[1.092, 0.885, 0.972, 0.894]
[1.543, 0.897, 1.4, 0.866]
[1.759, 0.587, 1.993, 0.422]
[0.349, 0.609, 0.357, 0.865]
[1.216, 0.297, 1.051, 0.224]
[0.127, 0.425, 0.051, 0.933]
[1.941, 0.306, 1.954, 0.333]
[0.94, 0.508, 0.894, 0.38]
[0.868, 0.643, 0.736, 0.743]
[1.216, 0.755, 1.193, 0.577]
[0.563, 0.715, 0.544, 0.695]
[0.272, 0.545, 0.259, 0.652]
[0.274, 0.592, 0.296, 0.565]
[1.038, 0.228, 0.846, 0.137]
[1.162, 0.675, 1.089, 0.49]
[1.667, 0.468, 1.689, 0.463]
[0.284, 0.594, 0.295, 0.693]
[0.317, 0.616, 0.36, 0.447]
[0.951, 0.123, 0.346, 0.028]
[0.068, 0.521, 0.11, 0.645]
[1.342, 0.167, 1.226, 0.148]
[1.635, 0.813, 1.576, 0.741]
[1.423, 0.12, 1.396, 0.124]
[1.148, 0.675, 1.069, 0.656]
[0.614, 0.692, 0.586, 0.623]
[0.832, 0.713, 0.772, 0.694]
[1.568, 0.467, 1.475, 0.344]
[0.584, 0.761, 0.56, 0.784]
[1.876, 0.606, 1.966, 0.631]
[0.15, 0.469, 0.118, 0.405]
[0.243, 0.524, 0.228, 0.929]
[0.088, 0.594, 0.194, 0.357]
[1.848, 0.484, 1.841, 0.432]
[0.498, 0.694, 0.499, 0.663]
[1.007, 0.856, 0.915, 0.903]
[0.305, 0.586, 0.314, 0.564]
[1.363, 0.143, 1.35, 0.141]
[1.678, 0.262, 1.481, 0.242]
[1.197, 0.729, 1.145, 0.573]
[1.826, 0.315, 1.93, 0.343]
[1.623, 0.198, 1.549, 0.19]
[1.054, 0.875, 0.94, 0.852]
[0.457, 0.219, 1.702, 0.008]
[1.568, 0.56, 1.548, 0.467]
[1.034, 0.773, 0.994, 0.668]
[1.976, 0.457, 1.961, 0.437]
[1.1, 0.076, 1.285, 0.048]
[0.187, 0.635, 0.248, 0.717]
[0.664, 0.819, 0.734, 0.656]
[0.789, 0.306, 0.685, 0.136]
[0.319, 0.61, 0.322, 0.791]
[0.726, 0.655, 0.667, 0.561]
[0.141, 0.6, 0.207, 0.822]
[1.706, 0.47, 1.681, 0.442]
[1.228, 0.666, 1.465, 0.363]
[1.033, 0.854, 0.938, 0.794]
[1.302, 0.014, 1.733, 0.03]
[1.957, 0.328, 1.909, 0.358]
[0.22, 0.493, 0.196, 0.657]
[1.748, 0.967, 1.712, 0.93]
[1.482, 0.435, 1.339, 0.36]
[1.697, 0.951, 1.495, 0.942]
[1.201, 0.833, 1.164, 0.766]
[1.3, 0.882, 1.21, 0.85]
[1.407, 0.883, 1.309, 0.839]
[0.909, 0.799, 0.837, 0.692]
[1.857, 0.643, 1.929, 0.602]
[0.436, 0.473, 0.41, 0.258]
[1.944, 0.393, 1.912, 0.415]
[1.373, 0.772, 1.296, 0.821]
[0.087, 0.46, 0.1, 0.091]
[1.698, 0.316, 1.652, 0.313]
[0.585, 0.635, 0.541, 0.644]
[0.289, 0.688, 0.326, 0.701]
[0.633, 0.382, 0.565, 0.199]
[1.819, 0.83, 1.696, 0.875]
[0.298, 0.594, 0.307, 0.652]
[0.482, 0.566, 0.481, 0.256]
[0.933, 0.414, 0.854, 0.296]
[1.319, 0.784, 1.314, 0.664]
[1.589, 0.686, 1.622, 0.582]
[0.984, 0.224, 0.869, 0.116]
[0.732, 0.552, 0.631, 0.426]
[1.403, 0.625, 1.458, 0.568]
[1.53, 0.293, 1.416, 0.267]
[1.717, 0.366, 1.602, 0.303]
[1.773, 0.328, 1.675, 0.334]
[0.178, 0.586, 0.229, 0.565]
[1.828, 0.28, 1.827, 0.29]
[0.485, 0.497, 0.477, 0.307]
[1.415, 0.359, 1.265, 0.31]
[1.246, 0.794, 1.228, 0.668]
[1.146, 0.783, 1.105, 0.633]
[0.185, 0.641, 0.25, 0.656]
[1.285, 0.831, 1.236, 0.779]
[-0.033, 0.54, 0.072, 0.943]
[0.344, 0.598, 0.348, 0.573]
[-0.038, 0.572, 0.091, 0.802]
[1.439, 0.863, 1.379, 0.804]
[0.361, 0.655, 0.373, 0.669]
[0.131, 0.422, 0.045, 0.645]
[0.377, 0.701, 0.389, 0.794]
[1.468, 0.878, 1.378, 0.829]
[1.666, 0.775, 1.709, 0.753]
[1.067, 0.7, 0.952, 0.69]
[0.95, 0.564, 0.861, 0.339]
[1.207, 0.352, 1.039, 0.252]
[1.325, 0.473, 1.236, 0.4]
[0.175, 0.6, 0.249, 0.423]
[0.236, 0.481, 0.21, 0.331]
[1.294, 0.798, 1.282, 0.684]
[1.296, 0.058, 1.706, 0.074]
[0.225, 0.499, 0.229, 0.176]
[0.991, 0.268, 0.819, 0.169]
[0.773, 0.391, 0.717, 0.251]
[1.268, 0.786, 1.249, 0.665]
[0.331, 0.567, 0.332, 0.466]
[0.633, 0.468, 0.601, 0.299]
[1.353, 0.382, 1.186, 0.319]
[1.02, 0.651, 0.916, 0.497]
[0.272, 0.421, 0.223, 0.114]
[0.36, 0.474, 0.343, 0.21]
[0.107, 0.434, 0.048, 0.274]
[1.658, 0.742, 1.703, 0.618]
[0.772, 0.228, 0.448, 0.054]
[1.046, 0.911, 0.884, 0.941]
[0.133, 0.523, 0.156, 0.313]
[1.564, 0.789, 1.582, 0.714]
[0.744, 0.859, 0.652, 0.94]
[1.751, 0.758, 1.863, 0.737]
[1.262, 0.836, 1.229, 0.724]
[0.935, 0.389, 0.833, 0.27]
[1.715, 0.037, 1.974, 0.108]
[1.306, 0.699, 1.278, 0.557]
[1.701, 0.583, 1.72, 0.549]
[1.57, 0.515, 1.533, 0.449]
[1.375, 0.605, 1.353, 0.509]
[1.77, 0.279, 1.677, 0.257]
[1.398, 0.348, 1.316, 0.311]
[-0.057, 0.623, 0.112, 0.878]
[1.737, 0.831, 1.988, 0.783]
[1.517, 0.626, 1.543, 0.557]
[0.647, 0.412, 0.779, 0.092]
[0.948, 0.119, 0.574, 0.048]
[0.865, 0.672, 0.74, 0.849]
[1.398, 0.811, 1.402, 0.706]
[0.174, 0.581, 0.249, 0.347]
[0.476, 0.64, 0.498, 0.465]
[0.381, 0.459, 0.328, 0.162]
[1.842, 0.319, 1.743, 0.332]
[1.092, 0.745, 1.033, 0.575]
[1.512, 0.306, 1.362, 0.271]
[0.2, 0.501, 0.19, 0.198]
[0.64, 0.821, 0.589, 0.933]
[1.688, 0.859, 1.494, 0.92]
[1.239, 0.67, 1.205, 0.551]
[1.851, 0.877, 1.714, 0.934]
[0.738, 0.34, 0.632, 0.183]
[1.364, 0.703, 1.422, 0.6]
[0.118, 0.472, 0.134, 0.12]
[0.934, 0.248, 0.726, 0.139]
[0.086, 0.445, 0.05, 0.128]
[1.435, 0.881, 1.342, 0.829]
[1.278, 0.141, 1.159, 0.125]
[1.534, 0.577, 1.579, 0.537]
[1.44, 0.357, 1.394, 0.329]
[0.164, 0.507, 0.158, 0.7]
[1.246, 0.267, 1.067, 0.212]
[1.567, 0.583, 1.662, 0.576]
[1.521, 0.143, 1.474, 0.13]
[0.326, 0.604, 0.328, 0.705]
[1.201, 0.552, 1.069, 0.374]
[1.105, 0.137, 0.957, 0.1]
[1.767, 0.324, 1.715, 0.329]
[1.036, 0.759, 1.051, 0.804]
[0.952, 0.675, 0.878, 0.504]
[0.495, 0.601, 0.452, 0.601]
[0.195, 0.437, 0.128, 0.567]
[0.57, 0.739, 0.557, 0.644]
[0.281, 0.654, 0.31, 0.74]
[1.596, 0.622, 1.75, 0.441]
[1.524, 0.088, 1.614, 0.106]
[0.219, 0.644, 0.27, 0.69]
[1.389, 0.492, 1.259, 0.343]
[1.65, 0.293, 1.456, 0.274]
[0.581, 0.782, 0.556, 0.718]
[0.44, 0.61, 0.418, 0.661]
[0.247, 0.584, 0.269, 0.603]
[1.173, 0.685, 1.104, 0.684]
[1.72, 0.818, 1.875, 0.727]
[1.574, 0.829, 1.564, 0.813]
[1.124, 0.805, 1.066, 0.674]
[0.407, 0.661, 0.449, 0.483]
[0.608, 0.736, 0.619, 0.559]
[1.234, 0.109, 1.132, 0.096]
[0.977, 0.159, 0.672, 0.082]
[1.694, 0.509, 1.677, 0.462]
[1.88, 0.866, 1.939, 0.774]
[0.437, 0.535, 0.414, 0.358]
[-0.015, 0.52, 0.068, 0.765]
[-0.046, 0.612, 0.112, 0.945]
[0.186, 0.428, 0.112, 0.83]
[1.896, 0.259, 1.768, 0.275]
[1.172, 0.652, 1.069, 0.494]
[1.045, 0.209, 0.988, 0.119]
[0.686, 0.188, 0.027, 0.071]
[1.276, 0.388, 1.172, 0.325]
[0.806, 0.792, 0.741, 0.715]
[0.967, 0.83, 0.878, 0.747]
[-0.008, 0.598, 0.123, 0.822]
[0.998, 0.624, 0.868, 0.559]
[1.725, 0.825, 1.9, 0.781]
[1.504, 0.581, 1.518, 0.41]
[0.829, 0.29, 0.722, 0.134]
[0.832, 0.194, 0.526, 0.078]
[0.461, 0.462, 0.401, 0.193]
[0.356, 0.424, 0.248, 0.112]
[1.728, 0.905, 1.744, 0.824]
[1.204, 0.048, 0.82, 0.035]
[1.104, 0.469, 0.992, 0.356]
[1.187, 0.479, 1.043, 0.321]
[1.662, 0.59, 1.747, 0.597]
[0.37, 0.744, 0.471, 0.9]
[0.351, 0.57, 0.386, 0.322]
[1.281, 0.508, 1.253, 0.439]
[0.065, 0.535, 0.12, 0.689]
[0.283, 0.535, 0.292, 0.908]
[0.407, 0.368, 0.289, 0.107]
[-0.022, 0.519, 0.066, 0.506]
[1.477, 0.371, 1.328, 0.331]
[1.249, 0.561, 1.176, 0.452]
[1.646, 0.887, 1.56, 0.813]
[0.775, 0.638, 0.718, 0.468]
[0.267, 0.382, 0.009, 0.333]
[0.969, 0.399, 0.85, 0.281]
[1.506, 0.042, 1.574, 0.078]
[1.728, 0.726, 1.791, 0.661]
[0.114, 0.431, 0.05, 0.706]
[1.597, 0.1, 1.84, 0.13]
[1.038, 0.769, 0.949, 0.777]
[0.464, 0.64, 0.454, 0.597]
[1.311, 0.719, 1.277, 0.745]
[1.439, 0.31, 1.256, 0.261]
[1.889, 0.838, 1.899, 0.807]
[0.263, 0.362, 0.031, 0.668]
[1.721, 0.825, 1.877, 0.78]
[0.678, 0.736, 0.64, 0.672]
[1.244, 0.809, 1.219, 0.675]
[1.845, 0.396, 1.836, 0.328]
[0.935, 0.171, 0.624, 0.082]
[0.653, 0.705, 0.614, 0.711]
[0.334, 0.715, 0.359, 0.785]
[1.179, 0.793, 1.129, 0.665]
[0.305, 0.647, 0.323, 0.781]
[1.263, 0.65, 1.204, 0.512]
[0.639, 0.672, 0.621, 0.51]
[0.973, 0.194, 0.699, 0.081]
[1.332, 0.776, 1.365, 0.599]
[1.065, 0.625, 0.935, 0.525]
[1.797, 0.895, 1.95, 0.766]
[0.286, 0.603, 0.311, 0.55]
[0.802, 0.654, 0.766, 0.486]
[0.355, 0.361, 0.99, 0.002]
[1.677, 0.917, 1.585, 0.895]
[1.549, 0.18, 1.376, 0.192]
[1.437, 0.8, 1.448, 0.71]
[1.754, 0.559, 1.804, 0.566]
[1.302, 0.736, 1.313, 0.546]
[1.96, 0.256, 1.87, 0.283]
[1.688, 0.28, 1.993, 0.203]
[1.597, 0.865, 1.535, 0.774]
[0.519, 0.613, 0.471, 0.694]
[1.521, 0.832, 1.517, 0.725]
[1.716, 0.783, 1.812, 0.717]
[1.434, 0.585, 1.39, 0.406]
[1.545, 0.896, 1.411, 0.878]
[1.594, 0.569, 1.639, 0.539]
[0.788, 0.302, 0.672, 0.135]
[1.1, 0.154, 0.872, 0.106]
[0.733, 0.811, 0.671, 0.806]
[1.405, 0.73, 1.555, 0.546]
[1.189, 0.694, 1.114, 0.672]
[0.072, 0.599, 0.176, 0.479]
[1.827, 0.161, 1.902, 0.16]
[1.097, 0.073, 1.757, 0.031]
[1.777, 0.263, 1.718, 0.262]
[1.806, 0.956, 1.811, 0.872]
[0.511, 0.663, 0.484, 0.691]
[1.122, 0.349, 0.963, 0.258]
[0.288, 0.543, 0.273, 0.769]
[1.369, 0.767, 1.412, 0.591]
[1.703, 0.39, 1.736, 0.405]
[1.202, 0.056, 1.452, 0.051]
[0.552, 0.629, 0.545, 0.467]
[1.459, 0.03, 1.881, 0.062]
[0.592, 0.752, 0.57, 0.701]
[1.416, 0.029, 1.674, 0.055]
[1.459, 0.234, 1.349, 0.208]
[1.497, 0.107, 1.655, 0.128]
[0.448, 0.7, 0.555, 0.289]
[1.244, 0.552, 1.195, 0.35]
[0.339, 0.508, 0.317, 0.244]
[0.694, 0.544, 0.603, 0.401]
[1.325, 0.885, 1.229, 0.859]
[0.381, 0.574, 0.405, 0.39]
[1.59, 0.76, 1.639, 0.639]
[0.736, 0.518, 0.69, 0.352]
[1.656, 0.818, 1.468, 0.923]
[0.336, 0.696, 0.358, 0.76]
[0.059, 0.506, 0.116, 0.158]
[1.481, 0.041, 1.987, 0.082]
[0.547, 0.437, 0.607, 0.092]
[1.0, 0.682, 0.94, 0.532]
[1.57, 0.031, 1.886, 0.085]
[0.325, 0.569, 0.324, 0.461]
[1.09, 0.075, 1.627, 0.005]
[1.539, 0.911, 1.372, 0.93]
[1.656, 0.816, 1.684, 0.76]
[1.401, 0.875, 1.324, 0.847]
[0.806, 0.185, 0.471, 0.066]
[1.273, 0.618, 1.254, 0.52]
[1.727, 0.737, 1.85, 0.611]
[-0.137, 0.551, 0.048, 0.159]
[1.184, 0.685, 1.12, 0.536]
[1.416, 0.671, 1.505, 0.498]
[1.16, 0.479, 1.185, 0.227]
[1.378, 0.069, 1.429, 0.075]
[1.071, 0.746, 0.956, 0.911]
[1.78, 0.783, 1.836, 0.654]
[1.704, 0.776, 1.672, 0.681]
[0.608, 0.439, 0.555, 0.264]
[1.335, 0.852, 1.297, 0.799]
[0.666, 0.745, 0.632, 0.641]
[1.834, 0.947, 1.813, 0.898]
[1.257, 0.25, 1.078, 0.183]
[0.322, 0.619, 0.324, 0.911]
[1.602, 0.593, 1.619, 0.468]
[0.052, 0.57, 0.14, 0.56]
[0.976, 0.523, 0.909, 0.389]
[0.532, 0.732, 0.521, 0.716]
[1.077, 0.085, 1.281, 0.023]
[1.195, 0.435, 1.089, 0.351]
[1.864, 0.295, 1.775, 0.308]
[0.497, 0.751, 0.499, 0.665]
[1.543, 0.105, 1.534, 0.118]
[1.252, 0.038, 1.86, 0.031]
[1.593, 0.76, 1.631, 0.626]
[1.02, 0.108, 0.925, 0.013]
[0.426, 0.605, 0.403, 0.626]
[1.567, 0.328, 1.409, 0.299]
[1.808, 0.534, 1.818, 0.461]
[0.538, 0.615, 0.499, 0.617]
[1.094, 0.126, 0.751, 0.069]
[1.45, 0.64, 1.973, 0.336]
[0.745, 0.316, 0.605, 0.155]
[1.604, -0.03, 1.542, 0.035]
[1.169, 0.732, 1.121, 0.6]
[0.86, 0.678, 0.982, 0.253]
[1.885, 0.587, 1.928, 0.587]
[0.997, 0.745, 0.906, 0.727]
[1.133, 0.722, 1.068, 0.572]
[0.984, 0.767, 0.996, 0.791]
[1.462, 0.747, 1.414, 0.787]
[0.376, 0.412, 0.275, 0.114]
[1.761, 0.828, 1.69, 0.847]
[1.527, 0.086, 1.641, 0.11]
[1.859, 0.517, 1.98, 0.397]
[1.761, 0.741, 1.977, 0.6]
[1.361, 0.111, 1.342, 0.092]
[0.059, 0.585, 0.152, 0.749]
[1.247, 0.726, 1.184, 0.77]
[1.126, 0.867, 1.03, 0.817]
[1.1, 0.331, 0.939, 0.232]
[1.088, 0.871, 0.982, 0.827]
[0.445, 0.744, 0.447, 0.828]
[0.177, 0.578, 0.214, 0.915]
[1.844, 0.272, 1.713, 0.275]
[1.446, 0.891, 1.332, 0.891]
[0.284, 0.355, 0.048, 0.254]
[1.161, 0.749, 1.156, 0.655]
[0.772, 0.439, 0.732, 0.296]
[0.657, 0.403, 0.593, 0.237]
[0.362, 0.303, 0.015, 0.315]
[1.417, 0.292, 1.212, 0.24]
[1.547, 0.652, 1.594, 0.498]
[0.414, 0.752, 0.421, 0.873]
[0.005, 0.629, 0.149, 0.714]
[1.031, 0.246, 0.847, 0.161]
[0.156, 0.445, 0.099, 0.428]
[1.306, 0.694, 1.296, 0.56]
[1.042, 0.701, 1.134, 0.39]
[1.758, 0.429, 1.724, 0.35]
[1.809, 0.431, 1.775, 0.421]
[1.672, 0.175, 1.663, 0.178]
[1.331, 0.8, 1.337, 0.719]
[0.749, 0.636, 0.697, 0.467]
[1.029, 0.836, 0.949, 0.76]
[0.114, 0.431, 0.046, 0.276]
[1.104, 0.526, 1.108, 0.254]
[0.215, 0.309, 0.015, 0.738]
[0.014, 0.595, 0.134, 0.8]
[1.643, 0.854, 1.627, 0.801]
[1.538, 0.443, 1.41, 0.322]
[0.774, 0.6, 0.792, 0.244]
[1.615, 0.583, 1.617, 0.499]
[0.266, 0.613, 0.297, 0.594]
[0.725, 0.747, 0.684, 0.935]
[1.37, 0.632, 1.329, 0.472]
[0.877, 0.386, 0.769, 0.252]
[1.412, 0.825, 1.406, 0.767]
[0.848, 0.258, 0.656, 0.14]
[0.495, 0.498, 0.467, 0.322]
[0.695, 0.764, 0.648, 0.912]
[0.782, 0.642, 0.668, 0.732]
[1.86, 0.164, 1.905, 0.176]
[0.244, 0.545, 0.247, 0.401]
[0.502, 0.751, 0.492, 0.849]
[1.115, 0.722, 1.053, 0.546]
[0.983, 0.115, 1.463, 0.009]
[1.815, 0.082, 1.825, 0.182]
[1.899, 0.557, 1.954, 0.582]
[1.79, 0.308, 1.874, 0.329]
[1.305, 0.782, 1.325, 0.614]
[1.134, 0.875, 1.034, 0.902]
[1.155, 0.66, 1.085, 0.514]
[1.42, 0.121, 1.329, 0.121]
[0.683, 0.341, 0.573, 0.16]
[1.685, 0.913, 1.716, 0.925]
[1.761, 0.28, 1.739, 0.284]
[1.655, 0.268, 1.459, 0.245]
[1.367, 0.006, 0.377, 0.02]
[1.033, 0.144, 0.786, 0.086]
[1.22, 0.686, 1.419, 0.412]
[1.664, 0.463, 1.606, 0.377]
[1.219, 0.745, 1.265, 0.771]
[0.306, 0.538, 0.301, 0.567]
[0.252, 0.538, 0.24, 0.945]
[0.458, 0.553, 0.484, 0.358]
[0.292, 0.49, 0.251, 0.202]
[1.35, 0.122, 1.323, 0.122]
[0.285, 0.586, 0.287, 0.843]
[1.365, 0.744, 1.299, 0.926]
[1.733, 0.82, 1.962, 0.816]
[1.24, 0.053, 1.725, 0.011]
[1.358, 0.377, 1.194, 0.317]
[1.187, 0.044, 1.82, 0.035]
[1.067, 0.093, 1.81, 0.016]
[0.133, 0.431, 0.067, 0.601]
[0.093, 0.474, 0.09, 0.23]
[1.535, 0.862, 1.394, 0.872]
[1.701, 0.344, 1.555, 0.311]
[1.182, 0.876, 1.088, 0.85]
[1.353, 0.514, 1.214, 0.355]
[1.79, 0.97, 1.951, 0.896]
[1.185, 0.087, 0.853, 0.06]
[1.621, 0.454, 1.536, 0.335]
[-0.034, 0.554, 0.084, 0.474]
[1.347, 0.715, 1.349, 0.633]
[1.109, 0.741, 1.044, 0.597]
[0.833, 0.74, 0.912, 0.367]
[0.717, 0.426, 0.649, 0.272]
[1.319, 0.898, 1.196, 0.894]
[0.089, 0.603, 0.183, 0.633]
[-0.182, 0.567, 0.035, 0.749]
[0.168, 0.416, 0.099, 0.67]
[1.442, 0.76, 1.482, 0.701]
[1.716, 0.349, 1.778, 0.366]
[1.305, 0.759, 1.326, 0.852]
[0.457, 0.304, 0.228, 0.033]
[1.486, 0.553, 1.496, 0.381]
[0.217, 0.462, 0.19, 0.288]
[0.37, 0.756, 0.386, 0.868]
[1.137, 0.78, 1.08, 0.634]
[1.746, 0.071, 1.826, 0.148]
[0.693, 0.728, 0.639, 0.902]
[1.309, 0.056, 1.288, 0.065]
[0.655, 0.721, 0.621, 0.647]
[0.811, 0.538, 0.731, 0.358]
[1.247, 0.828, 1.21, 0.717]
[0.982, 0.125, 0.487, 0.04]
[0.975, 0.684, 0.942, 0.547]
[0.398, 0.318, 0.125, 0.041]
[0.918, 0.295, 0.811, 0.17]
[1.42, 0.911, 1.253, 0.924]
[0.284, 0.57, 0.279, 0.813]
[0.145, 0.626, 0.217, 0.878]
[1.136, 0.736, 1.074, 0.569]
[1.611, 0.695, 1.659, 0.662]
[0.411, 0.577, 0.387, 0.464]
[0.294, 0.527, 0.285, 0.536]
[0.862, 0.744, 0.8, 0.641]
[0.096, 0.608, 0.184, 0.95]
[0.169, 0.52, 0.197, 0.198]
[0.501, 0.719, 0.504, 0.62]
[0.78, 0.349, 0.701, 0.209]
[0.778, 0.73, 0.706, 0.852]
[1.143, 0.793, 1.101, 0.655]
[1.299, 0.193, 1.165, 0.164]
[1.727, 0.835, 1.956, 0.818]
[1.831, 0.308, 1.893, 0.329]
[1.862, 0.493, 1.884, 0.515]
[0.881, 0.51, 0.823, 0.249]
[1.635, 0.737, 1.692, 0.619]
[0.832, 0.427, 0.736, 0.268]
[0.898, 0.138, 0.6, 0.053]
[0.594, 0.702, 0.556, 0.911]
[0.753, 0.809, 0.688, 0.733]
[1.608, 0.712, 1.699, 0.562]
[0.55, 0.457, 0.511, 0.277]
[1.148, 0.056, 1.307, 0.033]
[0.545, 0.198, 0.381, 0.008]
[1.433, 0.722, 1.625, 0.503]
[-0.001, 0.618, 0.14, 0.812]
[0.328, 0.708, 0.352, 0.811]
[1.445, 0.131, 1.396, 0.133]
[1.24, 0.185, 1.116, 0.127]
[-0.04, 0.512, 0.054, 0.38]
[1.164, 0.047, 1.345, 0.022]
[1.799, 0.571, 1.806, 0.514]
[1.382, 0.748, 1.306, 0.95]
[0.177, 0.419, 0.089, 0.092]
[0.397, 0.516, 0.366, 0.281]
[1.629, 0.21, 1.464, 0.187]
[1.456, 0.678, 1.631, 0.483]
[0.305, 0.602, 0.312, 0.722]
[1.746, 0.897, 1.866, 0.804]
[1.656, 0.127, 1.537, 0.177]
[1.221, 0.386, 1.052, 0.285]
[1.438, 0.61, 1.422, 0.428]
[1.765, 0.772, 1.96, 0.793]
[0.158, 0.608, 0.221, 0.817]
[1.044, 0.8, 0.947, 0.945]
[1.146, 0.844, 1.072, 0.756]
[0.889, 0.506, 0.853, 0.372]
[0.443, 0.639, 0.435, 0.59]
[1.542, 0.172, 1.493, 0.168]
[1.611, 0.034, 1.877, 0.083]
[0.985, 0.73, 0.947, 0.603]
[1.389, 0.764, 1.42, 0.609]
[0.931, 0.129, 0.765, 0.01]
[0.353, 0.542, 0.338, 0.358]
[1.225, 0.753, 1.191, 0.614]
[0.779, 0.295, 0.625, 0.136]
[1.63, 0.758, 1.583, 0.695]
[1.184, 0.727, 1.141, 0.544]
[1.067, 0.766, 0.965, 0.866]
[-0.02, 0.59, 0.113, 0.79]
[1.446, 0.206, 1.275, 0.167]
[0.734, 0.515, 0.71, 0.22]
[1.385, 0.741, 1.346, 0.732]
[0.095, 0.468, 0.083, 0.342]
[0.197, 0.562, 0.231, 0.415]
[1.642, 0.5, 1.604, 0.408]
[1.761, 0.541, 1.758, 0.478]
[1.281, 0.814, 1.266, 0.684]
[1.553, 0.662, 1.618, 0.497]
[1.171, 0.888, 1.06, 0.867]
[1.523, 0.462, 1.517, 0.31]
[1.297, 0.059, 1.322, 0.052]
[1.843, 0.944, 1.893, 0.868]
[1.184, 0.462, 1.04, 0.342]
[1.488, 0.681, 1.553, 0.499]
[1.439, 0.021, 1.971, 0.061]
[0.899, 0.426, 0.791, 0.275]
[1.948, 0.358, 1.993, 0.404]
[1.638, 0.117, 1.876, 0.119]
[0.32, 0.607, 0.32, 0.903]
[1.202, 0.055, 1.291, 0.048]
[1.312, 0.046, 1.161, 0.054]
[1.669, 0.779, 1.757, 0.653]
[1.731, 0.338, 1.663, 0.341]
[1.556, 0.873, 1.472, 0.842]
[0.584, 0.406, 0.537, 0.215]
[1.853, 0.305, 1.81, 0.318]
[1.704, 0.749, 1.815, 0.621]
[1.281, 0.454, 1.158, 0.37]
[1.756, 0.282, 1.613, 0.272]
[1.258, 0.451, 1.126, 0.361]
[0.913, 0.196, 0.599, 0.09]
[1.013, 0.29, 0.884, 0.19]
[1.818, 0.162, 1.796, 0.167]
[1.206, 0.581, 1.085, 0.398]
[0.679, 0.79, 0.765, 0.442]
[1.026, 0.624, 0.936, 0.446]
[0.87, 0.806, 0.797, 0.751]
[1.591, 0.789, 1.625, 0.685]
[0.618, 0.447, 0.593, 0.274]
[0.496, 0.686, 0.502, 0.56]
[0.346, 0.28, 1.106, 0.004]
[1.409, 0.725, 1.439, 0.582]
[0.917, 0.713, 0.87, 0.567]
[1.509, 0.306, 1.314, 0.253]
[0.236, 0.299, 0.015, 0.522]
[0.851, 0.837, 0.763, 0.809]
[0.428, 0.663, 0.471, 0.416]
[0.198, 0.533, 0.227, 0.248]
[0.047, 0.6, 0.157, 0.675]
[1.283, 0.473, 1.131, 0.32]
[1.036, 0.53, 0.947, 0.306]
[0.207, 0.469, 0.173, 0.731]
[0.684, 0.708, 0.653, 0.564]
[0.573, 0.552, 0.514, 0.384]
[2.024, 0.247, 1.966, 0.279]
[0.447, 0.773, 0.561, 0.473]
[1.76, 0.322, 1.756, 0.33]
[0.333, 0.581, 0.332, 0.795]
[1.605, 0.773, 1.68, 0.605]
[1.447, 0.063, 1.954, 0.1]
[0.949, 0.828, 0.865, 0.744]
[1.426, 0.758, 1.451, 0.664]
[1.744, 0.114, 1.948, 0.142]
[0.357, 0.271, 0.249, 0.004]
[0.964, 0.579, 0.952, 0.453]
[1.641, 0.535, 1.725, 0.539]
[0.595, 0.694, 0.557, 0.853]
[0.545, 0.642, 0.498, 0.862]
[0.816, 0.671, 0.788, 0.406]
[0.319, 0.581, 0.328, 0.508]
[1.061, 0.685, 0.954, 0.587]
[0.054, 0.482, 0.072, 0.53]
[1.74, 0.904, 1.737, 0.808]
[0.605, 0.453, 0.572, 0.279]
[0.656, 0.716, 0.619, 0.705]
[0.424, 0.749, 0.534, 0.45]
[0.744, 0.65, 0.709, 0.478]
[1.954, 0.39, 1.964, 0.434]
[1.866, 0.87, 1.824, 0.837]
[-0.083, 0.531, 0.05, 0.412]
[0.45, 0.459, 0.424, 0.121]
[1.733, 0.668, 1.781, 0.65]
[1.009, 0.118, 0.521, 0.046]
[1.154, 0.761, 1.105, 0.621]
[1.596, 0.174, 1.48, 0.172]
[0.82, 0.614, 0.741, 0.41]
[1.576, 0.29, 1.445, 0.265]
[1.384, 0.806, 1.414, 0.652]
[0.585, 0.689, 0.572, 0.556]
[1.137, 0.092, 0.578, 0.041]
[1.614, 0.691, 1.749, 0.526]
[1.038, 0.834, 0.951, 0.75]
[1.255, 0.551, 1.211, 0.46]
[0.99, 0.67, 0.911, 0.492]
[1.594, 0.746, 1.682, 0.583]
[0.994, 0.748, 0.926, 0.597]
[1.765, 0.439, 1.846, 0.472]
[1.247, 0.674, 1.197, 0.477]
[1.784, 0.823, 1.768, 0.737]
[0.514, 0.462, 0.463, 0.223]
[0.673, 0.797, 0.626, 0.721]
[0.634, 0.651, 0.564, 0.861]
[1.412, 0.31, 1.261, 0.264]
[1.83, 0.195, 1.774, 0.196]
[0.452, 0.638, 0.467, 0.483]
[0.247, 0.567, 0.281, 0.407]
[0.247, 0.593, 0.293, 0.441]
[0.209, 0.488, 0.178, 0.394]
[-0.073, 0.526, 0.049, 0.846]
[1.827, 0.46, 1.852, 0.376]
[0.055, 0.613, 0.169, 0.642]
[0.467, 0.219, 0.019, 0.122]
[1.802, 0.818, 1.713, 0.793]
[1.758, 0.216, 1.62, 0.205]
[1.175, 0.587, 1.063, 0.398]
[0.27, 0.582, 0.281, 0.632]
[1.072, 0.618, 0.941, 0.49]
[1.672, 0.464, 1.745, 0.478]
[1.164, 0.255, 0.993, 0.185]
[0.213, 0.489, 0.183, 0.505]
[0.631, 0.69, 0.583, 0.838]
[0.308, 0.529, 0.299, 0.445]
[2.034, 0.251, 1.989, 0.282]
[0.343, 0.527, 0.334, 0.29]
[0.086, 0.514, 0.148, 0.161]
[0.642, 0.346, 0.522, 0.159]
[1.184, 0.611, 1.2, 0.378]
[0.61, 0.735, 0.58, 0.816]
[1.285, 0.161, 1.087, 0.13]
[0.346, 0.57, 0.36, 0.42]
[0.147, 0.444, 0.092, 0.703]
[1.632, 0.87, 1.555, 0.786]
[1.18, 0.852, 1.107, 0.774]
[1.362, 0.762, 1.306, 0.767]
[1.541, 0.759, 1.571, 0.697]
[0.697, 0.328, 0.572, 0.144]
[1.006, 0.868, 0.894, 0.845]
[1.094, 0.091, 0.657, 0.039]
[0.657, 0.172, 0.022, 0.4]
[1.291, 0.729, 1.318, 0.647]
[1.048, 0.232, 0.911, 0.134]
[1.176, 0.633, 1.086, 0.463]
[0.333, 0.55, 0.33, 0.39]
[0.76, 0.813, 0.798, 0.819]
[0.526, 0.622, 0.5, 0.441]
[1.694, 0.821, 1.78, 0.738]
[1.091, 0.795, 1.035, 0.667]
[0.379, 0.57, 0.365, 0.424]
[0.204, 0.574, 0.243, 0.478]
[1.18, 0.095, 0.927, 0.07]
[0.092, 0.447, 0.059, 0.58]
[1.24, 0.9, 1.108, 0.901]
[0.154, 0.609, 0.225, 0.582]
[0.675, 0.416, 0.609, 0.254]
[1.688, 0.091, 1.979, 0.126]
[0.154, 0.549, 0.205, 0.274]
[1.272, 0.807, 1.286, 0.749]
[1.276, 0.417, 1.109, 0.314]
[0.943, 0.778, 0.861, 0.824]
[1.208, 0.798, 1.166, 0.677]
[1.567, -0.012, 1.31, 0.041]
[1.345, 0.65, 1.305, 0.508]
[0.565, 0.621, 0.508, 0.598]
[0.265, 0.603, 0.288, 0.684]
[0.177, 0.565, 0.215, 0.467]
[0.29, 0.559, 0.294, 0.42]
[0.19, 0.569, 0.225, 0.508]
[0.509, 0.681, 0.499, 0.631]
[0.409, 0.763, 0.419, 0.809]
[1.277, 0.863, 1.219, 0.816]
[1.237, 0.515, 1.177, 0.427]
[0.943, 0.146, 0.459, 0.041]
[1.855, 0.813, 1.912, 0.67]
[1.34, 0.874, 1.263, 0.819]
[1.133, 0.9, 0.993, 0.921]
[0.15, 0.528, 0.206, 0.193]
[1.53, 0.62, 1.604, 0.443]
[0.407, 0.445, 0.337, 0.149]
[1.087, 0.825, 1.009, 0.723]
[1.779, 0.973, 1.849, 0.91]
[1.027, 0.737, 0.95, 0.62]
[1.434, 0.679, 1.478, 0.488]
[0.682, 0.843, 0.607, 0.865]
[0.836, 0.769, 0.773, 0.765]
[0.45, 0.574, 0.427, 0.482]
[1.264, 0.78, 1.216, 0.735]
[1.619, 0.064, 1.846, 0.097]
[1.269, 0.05, 1.765, 0.061]
[0.506, 0.793, 0.49, 0.802]
[1.76, 0.654, 1.915, 0.488]
[1.207, 0.82, 1.172, 0.691]
[1.499, 0.218, 1.322, 0.187]
[1.133, 0.328, 0.973, 0.236]
[1.422, 0.865, 1.363, 0.79]
[1.6, 0.621, 1.654, 0.469]
[1.465, 0.389, 1.293, 0.288]
[0.188, 0.479, 0.153, 0.391]
[1.376, 0.547, 1.425, 0.343]
[1.871, 0.963, 1.993, 0.902]
[0.712, 0.608, 0.686, 0.432]
[1.461, 0.018, 1.839, 0.058]
[1.151, 0.557, 1.041, 0.41]
[1.241, 0.217, 1.116, 0.175]
[0.687, 0.553, 0.683, 0.383]
[0.911, 0.886, 0.779, 0.914]
[0.139, 0.417, 0.036, 0.849]
[1.867, 0.87, 1.836, 0.829]
[-0.019, 0.623, 0.134, 0.7]
[0.716, 0.526, 0.653, 0.28]
[0.135, 0.541, 0.195, 0.22]
[1.676, 0.795, 1.731, 0.725]
[1.33, 0.255, 1.206, 0.213]
[0.078, 0.569, 0.157, 0.421]
[1.774, 0.499, 1.84, 0.377]
[1.846, 0.22, 1.709, 0.218]
[1.004, 0.736, 0.932, 0.584]
[1.38, 0.112, 1.279, 0.106]
[1.292, 0.912, 1.136, 0.934]
[0.017, 0.561, 0.114, 0.582]
[1.256, 0.704, 1.221, 0.706]
[-0.048, 0.533, 0.062, 0.923]
[1.671, 0.184, 1.714, 0.191]
[0.238, 0.528, 0.226, 0.541]
[1.831, 0.866, 1.794, 0.805]
[0.374, 0.487, 0.355, 0.243]
[1.748, 0.838, 1.674, 0.784]
[0.762, 0.561, 0.765, 0.405]
[1.924, 0.406, 1.89, 0.398]
[1.109, 0.325, 0.948, 0.228]
[0.253, 0.648, 0.295, 0.649]
[0.617, 0.695, 0.591, 0.593]
[1.705, 0.367, 1.777, 0.385]
[0.345, 0.523, 0.35, 0.319]
[1.784, 0.983, 1.838, 0.927]
[0.524, 0.684, 0.508, 0.677]
[1.189, 0.889, 1.086, 0.871]
[0.826, 0.628, 0.7, 0.691]
[1.669, 0.253, 1.614, 0.247]
[0.59, 0.602, 0.568, 0.439]
[0.516, 0.756, 0.502, 0.893]
[1.727, 0.799, 1.913, 0.679]
[1.401, 0.421, 1.35, 0.382]
[1.692, 0.226, 1.51, 0.227]
[1.269, 0.722, 1.399, 0.559]
[0.826, 0.143, 0.523, 0.018]
[1.549, 0.775, 1.578, 0.737]
[1.396, 0.684, 1.526, 0.511]
[1.813, 0.596, 1.868, 0.497]
[1.51, 0.35, 1.337, 0.313]
[0.752, 0.767, 0.699, 0.817]
[0.702, 0.444, 0.657, 0.194]
[0.879, 0.504, 0.838, 0.366]
[1.298, 0.729, 1.416, 0.587]
[0.601, 0.416, 0.543, 0.229]
[0.55, 0.768, 0.536, 0.7]
[1.285, 0.909, 1.138, 0.926]
[1.582, 0.835, 1.566, 0.823]
[1.116, 0.106, 0.619, 0.046]
[1.737, 0.827, 1.97, 0.755]
[0.219, 0.398, 0.097, 0.071]
[0.322, 0.508, 0.286, 0.275]
[1.373, 0.583, 1.458, 0.375]
[0.977, 0.868, 0.862, 0.826]
[0.712, 0.651, 0.677, 0.48]
[1.398, 0.691, 1.431, 0.523]
[1.967, 0.223, 1.892, 0.241]
[1.904, 0.562, 1.945, 0.493]
[0.895, 0.612, 0.792, 0.468]
[0.422, 0.619, 0.401, 0.756]
[1.621, 0.205, 1.461, 0.182]
[0.856, 0.861, 0.75, 0.863]
[0.491, 0.452, 0.447, 0.219]
[1.577, 0.458, 1.479, 0.339]
[1.871, 0.18, 1.821, 0.191]
[1.794, 0.346, 1.761, 0.362]
[1.73, 0.816, 1.99, 0.865]
[1.705, 0.353, 1.572, 0.301]
[0.427, 0.217, 1.779, 0.003]
[1.726, 0.773, 1.898, 0.528]
[1.874, 0.322, 1.868, 0.345]
[1.299, 0.017, 1.331, 0.032]
[0.938, 0.781, 0.878, 0.665]
[1.775, 0.115, 1.966, 0.134]
[0.96, 0.807, 0.881, 0.704]
[1.222, 0.698, 1.16, 0.612]
[0.847, 0.417, 0.749, 0.269]
[0.637, 0.562, 0.653, 0.387]
[1.084, 0.131, 0.713, 0.055]
[1.593, 0.487, 1.667, 0.486]
[1.269, 0.892, 1.153, 0.879]
[0.158, 0.584, 0.21, 0.666]
[1.131, 0.682, 1.03, 0.682]
[0.267, 0.572, 0.278, 0.517]
[1.724, 0.856, 1.74, 0.746]
[0.974, 0.595, 0.897, 0.435]
[-0.054, 0.578, 0.087, 0.776]
[0.324, 0.634, 0.332, 0.8]
[1.186, 0.276, 1.019, 0.21]
[-0.053, 0.614, 0.11, 0.756]
[0.891, 0.726, 0.825, 0.574]
[0.874, 0.688, 0.764, 0.764]
[0.751, 0.274, 0.517, 0.098]
[1.082, 0.667, 0.978, 0.675]
[1.832, 0.462, 1.879, 0.494]
[1.228, 0.042, 1.286, 0.017]
[-0.057, 0.592, 0.096, 0.625]
[0.092, 0.453, 0.066, 0.923]
[1.736, 0.509, 1.759, 0.505]
[0.899, 0.659, 0.801, 0.556]
[1.561, 0.382, 1.432, 0.352]
[0.636, 0.618, 0.674, 0.236]
[0.07, 0.619, 0.18, 0.654]
[1.583, 0.825, 1.584, 0.737]
[1.313, 0.864, 1.228, 0.855]
[1.63, 0.871, 1.581, 0.859]
[1.44, 0.202, 1.255, 0.168]
[0.844, 0.202, 0.607, 0.096]
[1.182, 0.437, 1.106, 0.244]
[0.882, 0.596, 0.756, 0.51]
[0.591, 0.582, 0.561, 0.422]
[0.804, 0.755, 0.753, 0.622]
[1.031, 0.769, 0.96, 0.625]
[0.361, 0.592, 0.355, 0.619]
[0.813, 0.525, 0.704, 0.371]
[0.176, 0.445, 0.122, 0.127]
[1.691, 0.283, 1.652, 0.282]
[1.474, 0.058, 1.783, 0.091]
[1.642, 0.914, 1.498, 0.879]
[1.684, 0.913, 1.738, 0.934]
[1.061, 0.089, 0.523, 0.042]
[1.357, 0.117, 1.33, 0.097]
[1.281, 0.021, 1.161, 0.022]
[1.293, 0.73, 1.278, 0.566]
[0.142, 0.519, 0.152, 0.913]
[0.447, 0.766, 0.448, 0.834]
[1.795, 0.639, 1.848, 0.633]
[1.074, 0.169, 1.722, 0.065]
[0.974, 0.639, 0.953, 0.506]
[0.22, 0.597, 0.26, 0.599]
[0.7, 0.157, 0.655, 0.007]
[0.878, 0.602, 0.793, 0.423]
[1.029, 0.529, 0.916, 0.355]
[1.606, 0.886, 1.521, 0.902]
[0.057, 0.557, 0.135, 0.428]
[1.255, 0.046, 1.29, 0.049]
[0.22, 0.559, 0.236, 0.494]
[1.276, 0.584, 1.367, 0.34]
[1.214, 0.062, 1.556, 0.06]
[1.367, 0.598, 1.585, 0.353]
[0.462, 0.439, 0.425, 0.21]
[0.341, 0.597, 0.338, 0.897]
[1.125, 0.274, 0.992, 0.202]
[1.013, 0.421, 0.903, 0.308]
[1.177, 0.1, 0.884, 0.062]
[0.932, 0.828, 0.843, 0.746]
[1.204, 0.884, 1.098, 0.87]
[1.479, 0.025, 1.718, 0.058]
[0.16, 0.603, 0.237, 0.452]
[0.519, 0.397, 0.407, 0.121]
[1.024, 0.62, 0.896, 0.534]
[1.824, 0.241, 1.984, 0.223]
[0.337, 0.48, 0.3, 0.179]
[1.956, 0.205, 1.898, 0.213]
[0.391, 0.482, 0.364, 0.231]
[0.798, 0.231, 0.476, 0.064]
[0.958, 0.319, 0.825, 0.207]
[1.631, 0.172, 1.516, 0.164]
[1.0, 0.272, 0.836, 0.176]
[1.586, -0.053, 1.943, 0.022]
[1.853, 0.95, 1.936, 0.874]
[0.019, 0.579, 0.127, 0.626]
[0.451, 0.791, 0.444, 0.878]
[1.817, 0.867, 1.969, 0.745]
[1.584, 0.608, 1.89, 0.397]
[1.697, 0.245, 1.538, 0.227]
[0.516, 0.647, 0.494, 0.633]
[0.365, 0.548, 0.378, 0.367]
[1.23, 0.059, 1.116, 0.042]
[0.626, 0.418, 0.567, 0.246]
[1.503, 0.684, 1.546, 0.621]
[0.501, 0.413, 0.412, 0.142]
[0.602, 0.759, 0.606, 0.811]
[0.427, 0.564, 0.403, 0.371]
[0.097, 0.475, 0.088, 0.94]
[1.402, 0.121, 1.427, 0.128]
[0.922, 0.123, 0.881, 0.009]
[0.857, 0.742, 0.819, 0.607]
[1.58, 0.591, 1.61, 0.544]
[0.192, 0.595, 0.243, 0.564]
[0.751, 0.213, 0.383, 0.052]
[0.372, 0.664, 0.413, 0.794]
[1.28, 0.708, 1.256, 0.643]
[1.682, 0.73, 1.735, 0.638]
[1.502, 0.049, 1.657, 0.073]
[0.005, 0.481, 0.045, 0.342]
[1.233, 0.819, 1.194, 0.716]
[0.438, 0.772, 0.44, 0.826]
[1.523, 0.44, 1.553, 0.429]
[0.506, 0.632, 0.464, 0.844]
[0.498, 0.485, 0.473, 0.302]
[0.316, 0.659, 0.346, 0.615]
[1.653, 0.797, 1.511, 0.893]
[0.498, 0.696, 0.485, 0.78]
[1.434, 0.395, 1.296, 0.347]
[0.501, 0.665, 0.516, 0.501]
[1.287, 0.776, 1.251, 0.707]
[1.261, 0.008, 1.364, 0.017]
[0.916, 0.675, 0.779, 0.912]
[0.477, 0.68, 0.522, 0.373]
[1.095, 0.752, 1.117, 0.814]
[1.199, 0.647, 1.423, 0.325]
[0.685, 0.749, 0.636, 0.944]
[1.797, 0.881, 1.687, 0.864]
[1.272, 0.861, 1.215, 0.783]
[1.333, 0.647, 1.409, 0.592]
[0.518, 0.598, 0.507, 0.444]
[1.075, 0.678, 1.048, 0.557]
[0.858, 0.817, 0.786, 0.829]
[0.09, 0.579, 0.176, 0.393]
[0.206, 0.497, 0.184, 0.835]
[1.563, 0.247, 1.365, 0.216]
[1.067, 0.112, 0.723, 0.061]
[1.459, 0.486, 1.413, 0.433]
[1.701, 0.724, 1.786, 0.605]
[1.818, 0.525, 1.912, 0.398]
[1.1, 0.552, 0.975, 0.38]
[0.842, 0.162, 0.105, 0.016]
[0.498, 0.486, 0.465, 0.299]
[1.086, 0.727, 1.155, 0.537]
[1.574, 0.801, 1.601, 0.663]
[0.238, 0.55, 0.264, 0.348]
[1.338, 0.634, 1.354, 0.552]
[1.828, 0.55, 1.859, 0.558]
[1.362, 0.011, 0.552, 0.027]
[1.319, 0.14, 1.449, 0.131]
[1.63, 0.804, 1.669, 0.703]
[1.688, 0.927, 1.614, 0.916]
[1.087, 0.093, 0.004, 0.666]
[0.222, 0.487, 0.213, 0.578]
[1.327, 0.754, 1.38, 0.697]
[1.001, 0.682, 0.864, 0.901]
[1.208, 0.632, 1.168, 0.475]
[0.761, 0.759, 0.718, 0.629]
[0.949, 0.497, 0.88, 0.365]
[0.477, 0.795, 0.465, 0.851]
[1.514, 0.685, 1.548, 0.61]
[1.702, 0.918, 1.83, 0.93]
[0.292, 0.536, 0.302, 0.652]
[0.238, 0.595, 0.274, 0.557]
[0.279, 0.538, 0.263, 0.775]
[1.407, 0.069, 1.591, 0.092]
[0.854, 0.7, 0.784, 0.589]
[0.453, 0.448, 0.419, 0.219]
[1.172, 0.674, 1.164, 0.555]
[0.636, 0.523, 0.625, 0.348]
[0.84, 0.67, 0.731, 0.771]
[1.469, 0.437, 1.393, 0.395]
[0.628, 0.401, 0.564, 0.222]
[0.091, 0.466, 0.077, 0.731]
[1.213, 0.724, 1.166, 0.556]
[1.43, 0.031, 1.729, 0.058]
[1.707, 0.089, 1.963, 0.121]
[0.694, 0.838, 0.624, 0.903]
[1.119, 0.726, 1.029, 0.653]
[0.681, 0.3, 0.502, 0.132]
[1.632, 0.854, 1.613, 0.765]
[1.617, 0.55, 1.605, 0.448]
[0.317, 0.411, 0.223, 0.102]
[1.411, 0.544, 1.496, 0.34]
[0.721, 0.748, 0.691, 0.609]
[0.207, 0.584, 0.257, 0.449]
[1.056, 0.127, 0.701, 0.068]
[0.924, 0.232, 0.735, 0.139]
[0.347, 0.648, 0.414, 0.626]
[1.185, 0.084, 0.654, 0.044]
[0.935, 0.67, 0.812, 0.806]
[1.203, 0.705, 1.231, 0.621]
[1.686, 0.858, 1.745, 0.839]
[1.674, 0.733, 1.715, 0.683]
[0.224, 0.563, 0.264, 0.378]
[1.077, 0.796, 1.019, 0.672]
[1.568, 0.659, 1.6, 0.594]
[0.399, 0.64, 0.413, 0.606]
[0.391, 0.631, 0.464, 0.299]
[1.701, 0.637, 1.741, 0.616]
[1.648, 0.77, 1.747, 0.618]
[1.778, 0.29, 1.634, 0.274]
[0.485, 0.676, 0.465, 0.878]
[0.89, 0.555, 0.902, 0.23]
[1.708, 0.411, 1.976, 0.281]
[0.646, 0.397, 0.6, 0.14]
[1.809, 0.903, 1.879, 0.798]
[0.793, 0.178, 1.334, 0.02]
[0.854, 0.715, 0.786, 0.76]
[1.174, 0.844, 1.114, 0.774]
[0.797, 0.64, 0.714, 0.499]
[1.631, 0.886, 1.549, 0.864]
[1.588, 0.903, 1.447, 0.897]
[0.403, 0.441, 0.341, 0.152]
[0.295, 0.452, 1.189, 0.002]
[1.166, 0.829, 1.107, 0.739]
[1.438, 0.146, 1.31, 0.13]
[1.774, 0.865, 1.924, 0.736]
[1.288, 0.038, 1.758, 0.052]
[0.417, 0.69, 0.413, 0.902]
[0.7, 0.611, 0.602, 0.614]
[1.929, 0.474, 1.975, 0.518]
[0.481, 0.697, 0.526, 0.421]
[0.316, 0.375, 0.013, 0.013]
[0.474, 0.511, 0.475, 0.319]
[1.567, 0.318, 1.38, 0.269]
[1.826, 0.676, 1.963, 0.578]
[0.853, 0.134, 0.253, 0.01]
[0.189, 0.39, 0.027, 0.47]
[1.706, 0.378, 1.699, 0.388]
[1.569, 0.836, 1.549, 0.816]
[1.049, 0.638, 0.957, 0.447]
[1.823, 0.241, 1.664, 0.245]
[1.482, 0.899, 1.339, 0.882]
[1.406, 0.813, 1.404, 0.693]
[1.639, 0.847, 1.629, 0.82]
[0.259, 0.664, 0.303, 0.657]
[0.121, 0.581, 0.194, 0.457]
[0.087, 0.59, 0.171, 0.759]
[0.347, 0.641, 0.352, 0.778]
[1.898, 0.281, 1.798, 0.3]
[1.113, 0.256, 0.965, 0.168]
[1.179, 0.645, 1.386, 0.317]
[1.351, 0.452, 1.341, 0.41]
[1.184, 0.585, 1.072, 0.396]
[1.481, 0.56, 1.432, 0.41]
[0.745, 0.724, 0.692, 0.706]
[1.752, 0.757, 1.813, 0.611]
[1.977, 0.447, 1.997, 0.403]
[1.095, 0.109, 0.92, 0.072]
[0.936, 0.441, 0.881, 0.325]
[0.606, 0.488, 0.56, 0.317]
[0.228, 0.295, 0.015, 0.759]
[0.48, 0.615, 0.486, 0.453]
[1.767, 0.903, 1.672, 0.851]
[1.313, 0.198, 1.126, 0.151]
[1.176, 0.838, 1.117, 0.735]
[0.002, 0.523, 0.091, 0.201]
[0.183, 0.481, 0.152, 0.309]
[1.739, 0.589, 1.756, 0.559]
[1.861, 0.394, 1.876, 0.426]
[0.986, 0.664, 0.943, 0.522]
[1.335, 0.72, 1.331, 0.729]
[0.677, 0.42, 0.609, 0.241]
[1.824, 0.837, 1.709, 0.836]
[1.253, 0.607, 1.146, 0.432]
[1.234, 0.213, 1.09, 0.172]
[1.036, 0.879, 0.916, 0.848]
[0.953, 0.841, 0.869, 0.846]
[0.643, 0.309, 0.439, 0.113]
[0.612, 0.503, 0.559, 0.325]
[1.541, 0.295, 1.342, 0.256]
[0.718, 0.709, 0.652, 0.866]
[1.768, 0.89, 1.874, 0.77]
[1.18, 0.294, 1.02, 0.213]
[1.353, 0.13, 1.257, 0.113]
[1.906, 0.169, 1.921, 0.181]
[1.689, 0.101, 1.879, 0.13]
[0.523, 0.41, 0.47, 0.193]
[1.673, 0.797, 1.749, 0.689]
[1.637, 0.329, 1.492, 0.312]
[0.93, 0.223, 0.7, 0.098]
[1.856, 0.57, 1.895, 0.58]
[1.041, 0.795, 0.979, 0.69]
[0.919, 0.486, 0.812, 0.315]
[0.625, 0.548, 0.64, 0.373]
[0.531, 0.379, 0.412, 0.124]
[1.086, 0.462, 0.952, 0.328]
[1.625, 0.87, 1.569, 0.819]
[1.13, 0.705, 1.135, 0.607]
[-0.031, 0.571, 0.097, 0.475]
[1.168, 0.347, 1.114, 0.194]
[1.331, 0.175, 1.233, 0.129]
[0.016, 0.631, 0.154, 0.746]
[1.433, 0.854, 1.402, 0.841]
[0.664, 0.835, 0.723, 0.933]
[0.405, 0.566, 0.399, 0.437]
[0.14, 0.545, 0.171, 0.888]
[0.433, 0.729, 0.438, 0.78]
[0.448, 0.582, 0.436, 0.466]
[0.591, 0.791, 0.561, 0.738]
[1.06, 0.726, 0.993, 0.58]
[1.242, 0.336, 1.061, 0.261]
[0.41, 0.554, 0.392, 0.325]
[1.05, 0.824, 0.969, 0.727]
[1.73, 0.494, 1.821, 0.521]
[0.127, 0.443, 0.096, 0.087]
[1.848, 0.833, 1.822, 0.876]
[1.747, 0.81, 1.761, 0.684]
[1.812, 0.633, 1.894, 0.651]
[1.504, 0.435, 1.423, 0.395]
[0.081, 0.567, 0.154, 0.526]
[1.162, 0.698, 1.073, 0.724]
[0.554, 0.658, 0.524, 0.691]
[0.167, 0.5, 0.181, 0.164]
[1.786, 0.223, 1.659, 0.214]
[1.242, 0.902, 1.106, 0.908]
[0.595, 0.566, 0.558, 0.306]
[0.457, 0.531, 0.467, 0.339]
[1.571, 0.807, 1.579, 0.775]
[0.518, 0.413, 0.458, 0.181]
[0.194, 0.58, 0.237, 0.524]
[0.555, 0.369, 0.439, 0.146]
[0.033, 0.47, 0.047, 0.739]
[0.951, 0.5, 0.818, 0.331]
[1.696, 0.329, 1.63, 0.325]
[-0.01, 0.614, 0.133, 0.751]
[1.092, 0.524, 0.996, 0.396]
[0.826, 0.839, 0.748, 0.942]
[0.609, 0.182, 1.435, 0.008]
[1.453, 0.045, 1.885, 0.069]
[0.745, 0.774, 0.693, 0.81]
[1.1, 0.375, 0.955, 0.278]
[0.647, 0.598, 0.567, 0.516]
[-0.033, 0.568, 0.093, 0.524]
[0.342, 0.366, 0.007, 0.846]
[0.97, 0.772, 0.979, 0.829]
[0.444, 0.431, 0.381, 0.159]
[1.704, 0.172, 1.635, 0.163]
[1.339, 0.853, 1.298, 0.797]
[1.464, 0.063, 1.657, 0.091]
[1.63, 0.922, 1.462, 0.906]
[0.262, 0.585, 0.272, 0.823]
[1.745, 0.794, 1.964, 0.833]
[1.091, 0.077, 0.526, 0.006]
[1.552, 0.439, 1.465, 0.396]
[0.352, 0.596, 0.398, 0.387]
[0.264, 0.334, 0.011, 0.863]
[1.719, 0.735, 1.79, 0.731]
[1.239, 0.685, 1.283, 0.609]
[0.991, 0.103, 0.481, 0.04]
[0.749, 0.22, 0.429, 0.072]
[1.295, 0.505, 1.284, 0.444]
[0.463, 0.768, 0.465, 0.734]
[0.404, 0.471, 0.346, 0.187]
[1.649, 0.758, 1.628, 0.67]
[0.828, 0.798, 0.853, 0.795]
[1.695, 0.655, 1.738, 0.631]
[1.435, 0.547, 1.362, 0.383]
[0.418, 0.61, 0.395, 0.67]
[1.67, -0.062, 1.694, 0.023]
[0.359, 0.353, 0.006, 0.487]
[1.008, 0.676, 0.875, 0.827]
[1.51, 0.376, 1.395, 0.346]
[1.775, 0.827, 1.67, 0.794]
[1.645, 0.689, 1.798, 0.522]
[0.54, 0.563, 0.561, 0.375]
[0.38, 0.506, 0.403, 0.279]
[0.875, 0.703, 0.81, 0.543]
[0.36, 0.324, 0.035, 0.66]
[0.969, 0.83, 0.885, 0.773]
[1.416, 0.519, 1.309, 0.361]
[1.216, 0.791, 1.181, 0.678]
[1.654, 0.899, 1.551, 0.839]
[1.251, 0.385, 1.317, 0.19]
[0.379, 0.607, 0.37, 0.661]
[1.399, 0.85, 1.364, 0.799]
[2.02, 0.211, 1.972, 0.231]
[0.679, 0.73, 0.645, 0.611]
[1.49, 0.295, 1.367, 0.264]
[1.297, 0.697, 1.281, 0.569]
[0.178, 0.504, 0.166, 0.445]
[0.547, 0.649, 0.538, 0.505]
[1.947, 0.358, 1.953, 0.4]
[0.101, 0.46, 0.078, 0.717]
[0.535, 0.63, 0.482, 0.868]
[1.414, 0.451, 1.556, 0.246]
[0.344, 0.604, 0.335, 0.943]
[1.476, 0.601, 1.519, 0.548]
[1.293, 0.603, 1.288, 0.517]
[1.73, 0.916, 1.528, 0.942]
[0.957, 0.889, 0.821, 0.907]
[0.087, 0.538, 0.137, 0.476]
[0.892, 0.856, 0.785, 0.812]
[1.368, 0.841, 1.343, 0.758]
[0.794, 0.382, 0.701, 0.242]
[1.563, 0.721, 1.644, 0.556]
[0.636, 0.61, 0.675, 0.228]
[1.697, 0.833, 1.796, 0.829]
[0.516, 0.737, 0.518, 0.628]
[1.451, 0.792, 1.48, 0.662]
[1.451, 0.852, 1.413, 0.766]
[0.211, 0.47, 0.19, 0.493]
[1.035, 0.756, 0.972, 0.612]
[1.078, 0.295, 1.506, 0.112]
[0.433, 0.679, 0.432, 0.722]
[1.862, 0.577, 1.898, 0.581]
[0.77, 0.12, 0.518, 0.004]
[1.504, 0.522, 1.489, 0.36]
[1.591, 0.105, 1.689, 0.127]
[1.098, 0.879, 0.99, 0.923]
[1.812, 0.613, 1.842, 0.591]
[0.658, 0.7, 0.624, 0.594]
[0.978, 0.646, 1.112, 0.255]
[1.422, 0.576, 1.373, 0.405]
[1.244, 0.607, 1.15, 0.445]
[0.962, 0.182, 0.707, 0.102]
[1.81, 0.801, 1.965, 0.662]
[0.725, 0.648, 0.685, 0.477]
[1.203, 0.053, 1.454, 0.049]
[0.999, 0.806, 0.927, 0.708]
[0.989, 0.842, 0.894, 0.768]
[0.73, 0.769, 0.693, 0.642]
[0.766, 0.274, 0.54, 0.12]
[1.419, 0.762, 1.442, 0.66]
[1.198, 0.707, 1.187, 0.602]
[0.557, 0.365, 0.438, 0.144]
[1.166, 0.084, 0.882, 0.044]
[1.65, 0.706, 1.697, 0.6]
[0.09, 0.489, 0.123, 0.139]
[1.494, 0.603, 1.636, 0.408]
[1.958, 0.201, 1.933, 0.209]
[1.087, 0.85, 1.007, 0.838]
[1.077, 0.48, 1.056, 0.39]
[1.668, 0.203, 1.574, 0.194]
[1.7, 0.847, 1.783, 0.777]
[1.324, 0.845, 1.29, 0.753]
[0.985, 0.892, 0.846, 0.902]
[1.418, 0.77, 1.432, 0.787]
[0.616, 0.787, 0.585, 0.7]
[1.208, 0.784, 1.185, 0.686]
[0.51, 0.404, 0.455, 0.18]
[1.163, 0.067, 1.441, 0.054]
[0.972, 0.653, 0.838, 0.676]
[1.315, 0.014, 1.149, 0.022]
[0.969, 0.83, 0.881, 0.756]
[1.164, 0.805, 1.123, 0.695]
[1.164, 0.716, 1.111, 0.529]
[1.055, 0.862, 0.953, 0.819]
[0.964, 0.301, 0.819, 0.192]
[1.379, 0.03, 1.913, 0.061]
[1.671, 0.866, 1.664, 0.795]
[1.715, 0.822, 1.845, 0.774]
[1.272, 0.112, 1.102, 0.09]
[0.172, 0.494, 0.153, 0.906]
[0.171, 0.607, 0.228, 0.777]
[0.389, 0.618, 0.374, 0.805]
[1.252, 0.544, 1.182, 0.444]
[0.37, 0.231, 0.017, 0.887]
[0.102, 0.549, 0.159, 0.331]
[0.199, 0.424, 0.113, 0.144]
[1.311, 0.378, 1.135, 0.274]
[1.159, 0.812, 1.108, 0.683]
[0.127, 0.447, 0.081, 0.727]
[1.463, 0.542, 1.388, 0.422]
[0.084, 0.547, 0.164, 0.219]
[1.332, 0.096, 1.235, 0.088]
[1.476, 0.914, 1.303, 0.947]
[1.393, 0.383, 1.227, 0.325]
[0.92, 0.629, 0.849, 0.459]
[1.715, 0.95, 1.73, 0.944]
[0.657, 0.164, 0.024, 0.319]
[1.371, 0.118, 1.421, 0.125]
[1.443, 0.017, 1.762, 0.055]
[0.515, 0.476, 0.466, 0.204]
[0.306, 0.558, 0.308, 0.412]
[0.561, 0.72, 0.554, 0.603]
[1.444, 0.775, 1.449, 0.793]
[1.539, 0.57, 1.563, 0.52]
[1.112, 0.633, 1.088, 0.42]
[1.453, 0.099, 1.426, 0.108]
[1.632, 0.768, 1.723, 0.606]
[0.109, 0.52, 0.134, 0.749]
[0.319, 0.379, 0.008, 0.95]
[0.582, 0.375, 0.493, 0.164]
[0.408, 0.599, 0.395, 0.58]
[1.485, 0.818, 1.487, 0.781]
[0.423, 0.417, 0.32, 0.12]
[0.344, 0.376, 1.899, 0.002]
[1.235, 0.907, 1.085, 0.936]
[1.641, 0.776, 1.678, 0.755]
[1.259, 0.714, 1.41, 0.518]
[0.03, 0.468, 0.043, 0.148]
[1.295, 0.694, 1.301, 0.613]
[1.868, 0.63, 1.965, 0.646]
[0.091, 0.488, 0.097, 0.627]
[1.755, 0.794, 1.702, 0.714]
[0.358, 0.356, 0.008, 0.22]
[1.072, 0.08, 1.072, 0.045]
[1.719, 0.812, 1.849, 0.76]
[0.348, 0.707, 0.364, 0.891]
[0.608, 0.201, 0.04, 0.021]
[1.369, 0.576, 1.441, 0.369]
[0.353, 0.351, 0.174, 0.056]
[0.076, 0.591, 0.166, 0.688]
[0.526, 0.65, 0.497, 0.715]
[0.039, 0.478, 0.061, 0.413]
[1.303, 0.79, 1.296, 0.679]
[1.658, 0.913, 1.632, 0.948]
[0.755, 0.588, 0.71, 0.412]
[1.795, 0.992, 1.961, 0.938]
[0.476, 0.69, 0.482, 0.664]
[1.768, 0.111, 1.929, 0.136]
[1.504, 0.66, 1.567, 0.617]
[1.376, 0.718, 1.412, 0.64]
[1.325, 0.43, 1.151, 0.3]
[1.845, 0.39, 1.943, 0.437]
[0.727, 0.553, 0.677, 0.379]
[1.743, 0.201, 1.641, 0.188]
[1.88, 0.832, 1.893, 0.927]
[0.562, 0.618, 0.497, 0.765]
[0.089, 0.453, 0.064, 0.726]
[1.061, 0.491, 1.313, 0.164]
[0.51, 0.782, 0.498, 0.743]
[1.446, 0.91, 1.28, 0.917]
[0.32, 0.64, 0.337, 0.693]
[0.744, 0.549, 0.647, 0.416]
[1.257, 0.037, 0.447, 0.02]
[1.855, 0.827, 1.826, 0.768]
[0.189, 0.55, 0.245, 0.28]
[1.874, 0.242, 1.88, 0.252]
[0.828, 0.629, 0.74, 0.467]
[0.742, 0.652, 0.635, 0.827]
[1.458, 0.587, 1.488, 0.408]
[0.192, 0.547, 0.209, 0.493]
[1.093, 0.293, 0.962, 0.199]
[0.904, 0.812, 0.822, 0.72]
[1.675, 0.59, 1.945, 0.404]
[0.519, 0.758, 0.513, 0.691]
[0.853, 0.818, 0.776, 0.728]
[1.507, 0.81, 1.514, 0.774]
[1.317, 0.371, 1.25, 0.324]
[0.473, 0.725, 0.518, 0.565]
[0.193, 0.637, 0.251, 0.732]
[0.504, 0.638, 0.465, 0.712]
[1.649, 0.862, 1.664, 0.889]
[0.761, 0.711, 0.733, 0.556]
[0.385, 0.628, 0.377, 0.745]
[0.812, 0.64, 0.706, 0.637]
[0.087, 0.433, 0.026, 0.803]
[1.248, 0.344, 1.115, 0.276]
[1.36, 0.657, 1.456, 0.476]
[1.428, 0.078, 1.533, 0.098]
[0.433, 0.756, 0.438, 0.811]
[0.531, 0.737, 0.514, 0.849]
[0.422, 0.8, 0.534, 0.841]
[0.984, 0.123, 0.795, 0.061]
[1.047, 0.664, 0.92, 0.646]
[-0.011, 0.498, 0.061, 0.153]
[1.749, 0.75, 1.911, 0.612]
[1.063, 0.782, 0.996, 0.66]
[0.452, 0.409, 0.382, 0.157]
[1.627, 0.822, 1.64, 0.821]
[1.44, 0.891, 1.33, 0.898]
[0.616, 0.421, 0.548, 0.203]
[1.107, 0.879, 0.994, 0.845]
[1.126, 0.911, 0.967, 0.948]
[-0.044, 0.533, 0.067, 0.401]
[0.413, 0.568, 0.424, 0.394]
[1.672, 0.801, 1.705, 0.678]
[1.638, 0.754, 1.676, 0.676]
[1.728, 0.149, 1.762, 0.148]
[1.466, 0.217, 1.358, 0.196]
[1.621, 0.543, 1.636, 0.397]
[0.744, 0.388, 0.663, 0.224]
[1.891, 0.623, 1.97, 0.572]
[1.19, 0.83, 1.145, 0.715]
[0.466, 0.206, 1.415, 0.006]
[0.365, 0.589, 0.357, 0.577]
[1.737, 0.574, 1.808, 0.589]
[0.149, 0.555, 0.211, 0.279]
[1.361, 0.078, 1.33, 0.081]
[0.759, 0.449, 0.674, 0.244]
[0.953, 0.728, 0.843, 0.838]
[0.052, 0.472, 0.061, 0.936]
[1.172, 0.708, 1.125, 0.815]
[1.475, 0.845, 1.442, 0.779]
[0.599, 0.356, 0.503, 0.164]
[0.156, 0.487, 0.168, 0.145]
[0.126, 0.541, 0.161, 0.597]
[1.277, 0.057, 1.631, 0.068]
[0.666, 0.847, 0.593, 0.948]
[1.194, 0.866, 1.115, 0.812]
[0.667, 0.75, 0.649, 0.803]
[1.126, 0.061, 1.734, 0.04]
[0.14, 0.425, 0.065, 0.52]
[1.728, 0.103, 1.951, 0.125]
[0.944, 0.191, 0.691, 0.106]
[0.055, 0.618, 0.176, 0.506]
[1.786, 0.989, 1.823, 0.939]
[1.663, 0.802, 1.508, 0.922]
[1.12, 0.712, 1.104, 0.603]
[0.579, 0.538, 0.578, 0.357]
[1.359, 0.04, 1.601, 0.064]
[-0.139, 0.546, 0.042, 0.114]
[1.255, 0.851, 1.201, 0.768]
[1.249, 0.71, 1.201, 0.756]
[0.53, 0.74, 0.518, 0.746]
[0.136, 0.587, 0.197, 0.782]
[0.189, 0.544, 0.222, 0.291]
[1.19, 0.836, 1.13, 0.741]
[0.946, 0.334, 0.827, 0.213]
[0.102, 0.545, 0.149, 0.746]
[1.073, 0.12, 1.339, 0.039]
[0.7, 0.792, 0.651, 0.933]
[0.975, 0.555, 0.921, 0.418]
[0.787, 0.689, 0.728, 0.575]
[0.763, 0.375, 0.677, 0.213]
[0.619, 0.672, 0.563, 0.899]
[0.615, 0.591, 0.576, 0.445]
[0.041, 0.598, 0.152, 0.655]
[1.645, 0.781, 1.694, 0.788]
[1.969, 0.333, 1.946, 0.371]
[1.254, 0.05, 0.503, 0.01]
[1.685, 0.779, 1.743, 0.714]
[1.113, 0.776, 1.017, 0.856]
[0.957, 0.546, 0.961, 0.238]
[0.771, 0.19, 0.409, 0.06]
[1.208, 0.1, 1.1, 0.086]
[1.286, 0.247, 1.122, 0.194]
[1.127, 0.112, 0.852, 0.074]
[0.875, 0.717, 0.799, 0.835]
[0.632, 0.701, 0.629, 0.538]
[1.681, 0.343, 1.542, 0.283]
[1.295, 0.397, 1.147, 0.326]
[1.229, 0.061, 1.505, 0.061]
[1.713, 0.823, 1.886, 0.851]
[0.281, 0.526, 0.272, 0.703]
[0.403, 0.628, 0.385, 0.904]
[1.695, 0.848, 1.79, 0.834]
[0.107, 0.462, 0.084, 0.612]
[0.663, 0.646, 0.589, 0.756]
[0.348, 0.616, 0.345, 0.8]
[1.34, 0.705, 1.333, 0.544]
[1.458, 0.485, 1.337, 0.375]
[1.13, 0.639, 1.087, 0.515]
[0.326, 0.608, 0.36, 0.453]
[1.267, 0.289, 1.091, 0.222]
[1.598, 0.897, 1.501, 0.936]
[0.145, 0.595, 0.207, 0.789]
[-0.033, 0.525, 0.064, 0.733]
[0.943, 0.199, 0.646, 0.094]
[0.996, 0.888, 0.862, 0.876]
[1.229, 0.73, 1.323, 0.617]
[1.97, 0.176, 1.893, 0.219]
[1.698, 0.869, 1.971, 0.923]
[1.18, 0.733, 1.129, 0.56]
[1.422, 0.101, 1.47, 0.097]
[0.262, 0.635, 0.306, 0.554]
[1.692, 0.894, 1.901, 0.937]
[0.993, 0.81, 0.917, 0.826]
[1.107, 0.561, 0.991, 0.374]
[1.655, 0.193, 1.513, 0.178]
[0.879, 0.445, 0.824, 0.317]
[0.224, 0.558, 0.282, 0.308]
[0.223, 0.492, 0.205, 0.8]
[1.008, 0.745, 0.938, 0.588]
[0.963, 0.544, 0.871, 0.386]
[0.603, 0.658, 0.638, 0.286]
[1.176, 0.754, 1.106, 0.697]
[1.588, 0.275, 1.422, 0.246]
[0.81, 0.352, 0.911, 0.113]
[1.232, 0.037, 1.495, 0.029]
[0.02, 0.489, 0.061, 0.75]
[1.296, 0.056, 1.453, 0.047]
[1.204, 0.468, 1.057, 0.316]
[1.294, 0.241, 1.165, 0.197]
[0.217, 0.567, 0.259, 0.391]
[0.129, 0.576, 0.186, 0.735]
[1.351, 0.732, 1.376, 0.555]
[1.324, 0.805, 1.318, 0.696]
[0.172, 0.425, 0.094, 0.894]
[1.144, 0.857, 1.059, 0.789]
[1.683, 0.316, 1.564, 0.303]
[0.767, 0.84, 0.691, 0.935]
[1.862, 0.979, 1.98, 0.917]
[1.462, 0.139, 1.392, 0.136]
[1.133, 0.435, 1.009, 0.334]
[1.79, 0.693, 1.912, 0.588]
[0.969, 0.118, 0.317, 0.027]
[1.653, 0.2, 1.503, 0.182]
[0.147, 0.443, 0.09, 0.651]
[0.315, 0.523, 0.323, 0.302]
[-0.054, 0.51, 0.044, 0.871]
[0.626, 0.347, 0.668, 0.063]
[1.59, 0.241, 1.422, 0.214]
[0.987, 0.733, 0.878, 0.813]
[1.175, 0.093, 1.15, 0.077]
[0.735, 0.609, 0.709, 0.435]
[1.532, 0.465, 1.421, 0.378]
[1.494, 0.657, 1.573, 0.625]
[1.107, 0.595, 1.001, 0.404]
[1.203, 0.616, 1.127, 0.48]
[1.25, 0.239, 1.1, 0.171]
[1.595, -0.001, 1.811, 0.056]
[0.405, 0.655, 0.42, 0.554]
[0.06, 0.458, 0.05, 0.372]
[1.675, 0.419, 1.714, 0.429]
[0.589, 0.427, 0.565, 0.131]
[0.41, 0.508, 0.398, 0.316]
[1.222, 0.891, 1.104, 0.877]
[1.125, 0.453, 1.035, 0.357]
[1.248, 0.043, 0.97, 0.015]
[0.556, 0.815, 0.658, 0.542]
[0.92, 0.688, 0.854, 0.588]
[1.281, 0.019, 1.805, 0.028]
[0.817, 0.17, 1.362, 0.014]
[0.104, 0.48, 0.136, 0.125]
[1.08, 0.302, 0.922, 0.21]
[1.284, 0.698, 1.265, 0.501]
[1.571, 0.002, 1.657, 0.054]
[0.736, 0.24, 0.492, 0.096]
[0.393, 0.758, 0.402, 0.935]
[0.974, 0.437, 0.895, 0.321]
[0.577, 0.668, 0.545, 0.69]
[1.613, 0.476, 1.645, 0.466]
[1.267, 0.527, 1.14, 0.375]
[0.65, 0.792, 0.611, 0.703]
[0.414, 0.68, 0.416, 0.732]
[0.061, 0.597, 0.166, 0.537]
[-0.216, 0.583, 0.036, 0.335]
[0.815, 0.628, 0.748, 0.454]
[0.969, 0.879, 0.844, 0.873]
[0.482, 0.374, 0.362, 0.131]
[0.544, 0.621, 0.504, 0.641]
[0.454, 0.425, 0.372, 0.141]
[1.018, 0.096, 0.443, 0.039]
[1.497, 0.781, 1.52, 0.715]
[1.273, 0.709, 1.272, 0.712]
[0.404, 0.6, 0.397, 0.483]
[1.14, 0.817, 1.081, 0.722]
[1.139, 0.856, 1.055, 0.787]
[-0.147, 0.551, 0.039, 0.32]
[1.36, 0.908, 1.203, 0.925]
[1.47, 0.903, 1.32, 0.903]
[1.722, 0.314, 1.594, 0.308]
[1.221, 0.887, 1.111, 0.862]
[1.522, 0.744, 1.608, 0.563]
[1.595, 0.711, 1.672, 0.569]
[1.563, 0.874, 1.485, 0.879]
[0.899, 0.358, 0.831, 0.182]
[1.113, 0.677, 1.021, 0.516]
[0.353, 0.509, 0.334, 0.258]
[1.426, 0.697, 1.53, 0.546]
[1.339, 0.603, 1.266, 0.445]
[0.229, 0.594, 0.255, 0.848]
[0.961, 0.827, 0.88, 0.775]
[0.251, 0.502, 0.223, 0.37]
[1.29, 0.629, 1.215, 0.461]
[0.154, 0.604, 0.216, 0.813]
[0.703, 0.571, 0.708, 0.404]
[1.574, 0.336, 1.475, 0.314]
[1.802, 0.243, 1.76, 0.245]
[-0.004, 0.585, 0.122, 0.443]
[0.638, 0.193, 0.023, 0.689]
[0.339, 0.367, 0.923, 0.003]
[0.071, 0.542, 0.128, 0.866]
[-0.11, 0.531, 0.036, 0.314]
[-0.327, 1.222, 0.053, 0.002]
[0.316, 0.379, 0.201, 0.081]
[0.387, 0.621, 0.375, 0.784]
[1.722, 0.656, 1.793, 0.663]
[0.691, 0.515, 0.614, 0.305]
[1.039, 0.475, 0.895, 0.31]
[0.755, 0.771, 0.709, 0.649]
[1.643, 0.874, 1.63, 0.901]
[1.604, 0.531, 1.691, 0.531]
[1.609, 0.239, 1.492, 0.221]
[0.953, 0.629, 0.869, 0.443]
[1.938, 0.086, 1.979, 0.196]
[1.873, 0.383, 1.971, 0.433]
[1.127, 0.441, 1.041, 0.35]
[1.209, 0.641, 1.188, 0.535]
[1.153, 0.867, 1.06, 0.812]
[1.189, 0.709, 1.138, 0.521]
[0.899, 0.488, 0.878, 0.364]
[0.47, 0.708, 0.481, 0.601]
[1.874, 0.363, 1.878, 0.395]
[1.025, 0.129, 0.615, 0.053]
[1.165, 0.073, 1.093, 0.011]
[1.785, 0.601, 1.851, 0.486]
[0.35, 0.318, 0.025, 0.274]
[0.735, 0.195, 0.272, 0.047]
[1.784, 0.387, 1.724, 0.315]
[1.553, 0.774, 1.625, 0.615]
[1.358, 0.098, 1.247, 0.095]
[1.068, 0.576, 1.021, 0.454]
[1.553, 0.37, 1.434, 0.345]
[0.962, 0.164, 0.745, 0.092]
[1.164, 0.099, 0.857, 0.068]
[1.049, 0.791, 0.988, 0.682]
[0.474, 0.659, 0.459, 0.685]
[1.293, 0.902, 1.17, 0.908]
[0.045, 0.61, 0.159, 0.891]
[1.55, 0.412, 1.569, 0.405]
[0.295, 0.593, 0.297, 0.876]
[0.421, 0.686, 0.444, 0.561]
[1.809, 0.963, 1.985, 0.862]
[0.818, 0.296, 0.714, 0.137]
[0.654, 0.813, 0.604, 0.9]
[1.275, 0.091, 1.111, 0.083]
[0.887, 0.739, 0.823, 0.618]
[0.215, 0.556, 0.276, 0.298]
[1.117, 0.898, 0.981, 0.897]
[1.081, 0.745, 0.984, 0.745]
[1.788, 0.669, 1.929, 0.53]
[1.35, 0.048, 1.346, 0.064]
[0.935, 0.776, 0.947, 0.795]
[1.467, 0.646, 1.506, 0.58]
[1.495, 0.11, 1.652, 0.131]
[0.893, 0.702, 0.825, 0.556]
[1.064, 0.846, 0.972, 0.771]
[0.577, 0.659, 0.553, 0.571]
[1.403, 0.824, 1.405, 0.781]
[1.171, 0.837, 1.114, 0.734]
[1.566, 0.773, 1.469, 0.838]
[0.33, 0.703, 0.352, 0.823]
[1.538, 0.46, 1.426, 0.337]
[1.928, 0.371, 1.945, 0.323]
[0.803, 0.761, 0.76, 0.63]
[0.936, 0.226, 0.69, 0.119]
[0.877, 0.796, 0.809, 0.832]
[0.984, 0.389, 0.855, 0.239]
[0.955, 0.225, 0.761, 0.105]
[1.323, 0.621, 1.333, 0.538]
[1.593, 0.463, 1.502, 0.377]
[1.887, 0.827, 1.982, 0.775]
[1.694, 0.292, 1.526, 0.261]
[1.678, 0.686, 1.744, 0.684]
[1.162, 0.17, 0.93, 0.116]
[1.524, 0.887, 1.409, 0.862]
[0.213, 0.389, 0.068, 0.04]
[1.247, 0.322, 1.068, 0.244]
[1.835, 0.81, 1.855, 0.683]
[1.242, 0.087, 1.014, 0.067]
[0.376, 0.585, 0.378, 0.485]
[1.253, 0.799, 1.247, 0.655]
[0.31, 0.262, 0.015, 0.211]
[1.607, 0.234, 1.446, 0.21]
[0.55, 0.778, 0.532, 0.734]
[1.708, 0.575, 1.714, 0.521]
[1.679, 0.187, 1.721, 0.194]
[1.826, 0.933, 1.84, 0.857]
[1.761, 0.83, 1.808, 0.726]
[0.496, 0.408, 0.393, 0.13]
[0.131, 0.572, 0.184, 0.781]
[1.605, 0.029, 1.865, 0.083]
[0.305, 0.346, 1.913, 0.005]
[0.708, 0.41, 0.649, 0.253]
[1.784, 0.223, 1.855, 0.237]
[1.943, 0.207, 1.972, 0.219]
[1.692, 0.823, 1.763, 0.795]
[0.772, 0.177, 0.254, 0.045]
[0.151, 0.415, 0.059, 0.19]
[0.344, 0.594, 0.341, 0.599]
[1.028, 0.09, 0.983, 0.044]
[1.589, -0.043, 1.077, 0.017]
[1.252, 0.039, 0.381, 0.026]
[1.941, 0.308, 1.875, 0.333]
[0.294, 0.534, 0.303, 0.581]
[1.86, 0.412, 1.885, 0.446]
[1.316, 0.626, 1.248, 0.438]
[1.38, 0.526, 1.424, 0.483]
[0.892, 0.494, 0.853, 0.362]
[1.563, 0.914, 1.39, 0.912]
[1.696, 0.83, 1.789, 0.729]
[1.333, 0.549, 1.238, 0.431]
[0.329, 0.592, 0.32, 0.904]
[1.369, 0.24, 1.207, 0.187]
[0.478, 0.604, 0.511, 0.413]
[0.769, 0.789, 0.71, 0.748]
[0.328, 0.539, 0.306, 0.377]
[0.063, 0.487, 0.085, 0.271]
[1.004, 0.814, 0.934, 0.753]
[-0.015, 0.623, 0.139, 0.545]
[0.813, 0.548, 0.781, 0.392]
[1.737, 0.743, 1.886, 0.604]
[1.04, 0.1, 1.239, 0.018]
[1.153, 0.526, 1.021, 0.349]
[1.055, 0.365, 0.968, 0.277]
[1.762, 0.29, 1.617, 0.284]
[0.995, 0.205, 0.789, 0.099]
[-0.014, 0.484, 0.033, 0.638]
[0.116, 0.477, 0.103, 0.551]
[1.71, 0.838, 1.875, 0.842]
[1.354, 0.246, 1.213, 0.205]
[0.346, 0.588, 0.347, 0.546]
[0.794, 0.149, 0.352, 0.01]
[1.8, 0.515, 1.804, 0.507]
[1.741, 0.494, 1.773, 0.499]
[0.245, 0.49, 0.224, 0.366]
[0.664, 0.743, 0.625, 0.799]
[0.919, 0.532, 0.91, 0.408]
[1.313, 0.045, 1.12, 0.039]
[1.614, 0.628, 1.681, 0.612]
[1.399, 0.501, 1.291, 0.406]
[0.69, 0.428, 0.633, 0.269]
[1.529, 0.05, 1.596, 0.084]
[1.5, 0.858, 1.453, 0.769]
[0.743, 0.246, 0.496, 0.101]
[1.777, 0.81, 1.733, 0.729]
[0.207, 0.596, 0.242, 0.859]
[1.157, 0.379, 0.994, 0.282]
[1.325, 0.154, 1.206, 0.138]
[0.506, 0.37, 0.358, 0.083]
[1.021, 0.88, 0.896, 0.864]
[1.78, 0.753, 1.946, 0.724]
[0.304, 0.629, 0.34, 0.517]
[1.064, 0.138, 0.699, 0.056]
[0.997, 0.144, 0.755, 0.079]
[1.761, 0.254, 1.596, 0.246]
[1.786, 0.572, 1.811, 0.565]
[0.105, 0.614, 0.2, 0.577]
[0.983, 0.153, 0.775, 0.088]
[0.366, 0.513, 0.349, 0.283]
[0.596, 0.242, 0.14, 0.028]
[0.587, 0.754, 0.574, 0.636]
[0.717, 0.771, 0.671, 0.67]
[1.143, 0.703, 1.083, 0.561]
[0.269, 0.515, 0.262, 0.232]
[0.867, 0.185, 0.493, 0.063]
[0.602, 0.58, 0.54, 0.499]
[1.51, 0.056, 1.586, 0.091]
[0.529, 0.603, 0.533, 0.425]
[0.405, 0.565, 0.397, 0.444]
[1.247, 0.055, 1.09, 0.053]
[1.81, 0.318, 1.889, 0.34]
[1.77, 0.526, 1.793, 0.431]
[0.32, 0.694, 0.352, 0.686]
[1.21, 0.403, 1.073, 0.32]
[1.403, 0.265, 1.216, 0.215]
[0.509, 0.824, 0.615, 0.674]
[0.843, 0.736, 0.767, 0.767]
[0.711, 0.701, 0.645, 0.836]
[1.549, 0.187, 1.435, 0.16]
[0.637, 0.607, 0.591, 0.486]
[1.76, 0.348, 1.67, 0.292]
[1.82, 0.145, 1.994, 0.147]
[1.601, 0.537, 1.691, 0.375]
[1.583, 0.799, 1.638, 0.654]
[0.969, 0.287, 0.849, 0.182]
[0.228, 0.598, 0.256, 0.875]
[1.669, 0.26, 1.651, 0.261]
[0.67, 0.51, 0.608, 0.336]
[1.015, 0.149, 0.759, 0.049]
[1.212, 0.099, 1.212, 0.09]
[1.113, 0.146, 0.829, 0.091]
[1.516, 0.705, 1.598, 0.523]
[1.655, 0.927, 1.536, 0.945]
[1.198, 0.783, 1.155, 0.656]
[1.43, 0.835, 1.302, 0.909]
[0.395, 0.628, 0.379, 0.924]
[0.605, 0.818, 0.559, 0.801]
[1.084, 0.899, 0.944, 0.9]
[1.521, 0.086, 1.891, 0.121]
[0.553, 0.593, 0.505, 0.445]
[0.959, 0.163, 0.592, 0.066]
[1.104, 0.869, 1.004, 0.839]
[0.555, 0.673, 0.549, 0.529]
[0.639, 0.629, 0.555, 0.737]
[0.983, 0.778, 0.908, 0.648]
[0.795, 0.767, 0.737, 0.66]
[0.867, 0.252, 0.662, 0.137]
[1.245, 0.326, 1.14, 0.269]
[0.37, 0.686, 0.38, 0.793]
[0.964, 0.829, 0.874, 0.748]
[1.3, 0.731, 1.254, 0.744]
[0.566, 0.494, 0.512, 0.266]
[1.262, 0.633, 1.202, 0.503]
[0.597, 0.771, 0.567, 0.932]
[1.888, 0.202, 1.91, 0.211]
[1.833, 0.479, 1.811, 0.451]
[1.503, -0.025, 0.683, 0.014]
[1.493, 0.079, 1.599, 0.102]
[1.721, 0.754, 1.852, 0.614]
[1.394, 0.64, 1.424, 0.461]
[0.518, 0.498, 0.513, 0.311]
[0.951, 0.26, 1.15, 0.099]
[1.341, 0.378, 1.207, 0.32]
[0.72, 0.775, 0.672, 0.68]
[1.394, 0.089, 1.453, 0.103]
[0.855, 0.513, 0.797, 0.363]
[1.519, 0.859, 1.462, 0.822]
[0.251, 0.574, 0.285, 0.427]
[1.9, 0.882, 1.971, 0.826]
[0.745, 0.858, 0.655, 0.949]
[1.196, 0.488, 1.055, 0.349]
[1.755, 0.766, 1.947, 0.663]
[0.125, 0.548, 0.169, 0.406]
[0.827, 0.317, 0.702, 0.183]
[1.128, 0.672, 1.041, 0.658]
[1.236, 0.86, 1.171, 0.808]
[0.721, 0.729, 0.677, 0.629]
[1.096, 0.796, 1.031, 0.681]
[1.144, 0.079, 1.172, 0.059]
[0.129, 0.621, 0.207, 0.915]
[0.205, 0.516, 0.227, 0.2]
[0.677, 0.171, 1.933, 0.009]
[1.269, 0.062, 1.028, 0.056]
[0.389, 0.75, 0.399, 0.946]
[1.248, 0.849, 1.217, 0.805]
[0.191, 0.59, 0.23, 0.881]
[1.75, 0.258, 1.66, 0.252]
[0.228, 0.625, 0.264, 0.924]
[1.309, 0.163, 1.223, 0.146]
[0.794, 0.716, 0.738, 0.597]
[0.59, 0.694, 0.585, 0.539]
[0.68, 0.181, 0.024, 0.384]
[1.411, 0.075, 1.337, 0.08]
[0.133, 0.555, 0.174, 0.819]
[1.047, 0.88, 0.928, 0.877]
[0.245, 0.557, 0.244, 0.909]
[0.251, 0.581, 0.28, 0.503]
[0.303, 0.283, 1.789, 0.006]
[-0.028, 0.506, 0.06, 0.163]
[1.071, 0.789, 1.0, 0.658]
[0.521, 0.623, 0.5, 0.534]
[0.049, 0.606, 0.17, 0.433]
[1.053, 0.783, 0.982, 0.647]
[1.19, 0.878, 1.088, 0.911]
[-0.052, 0.524, 0.056, 0.837]
[0.377, 0.771, 0.389, 0.908]
[0.425, 0.634, 0.411, 0.729]
[0.455, 0.729, 0.464, 0.67]
[1.046, 0.764, 1.05, 0.942]
[0.286, 0.553, 0.293, 0.392]
[1.716, 0.937, 1.701, 0.91]
[1.545, 0.752, 1.487, 0.733]
[1.725, 0.836, 1.904, 0.764]
[0.41, 0.656, 0.425, 0.553]
[0.509, 0.625, 0.462, 0.825]
[1.922, 0.492, 1.953, 0.426]
[1.705, 0.884, 1.769, 0.838]
[1.856, 0.838, 1.949, 0.706]
[0.034, 0.568, 0.146, 0.248]
[0.379, 0.577, 0.372, 0.497]
[0.773, 0.852, 0.683, 0.892]
[0.32, 0.524, 0.306, 0.283]
[0.995, 0.758, 0.925, 0.62]
[1.019, 0.247, 0.844, 0.162]
[1.143, 0.06, 1.169, 0.042]
[0.48, 0.479, 0.428, 0.217]
[1.25, 0.886, 1.146, 0.858]
[0.169, 0.476, 0.135, 0.86]
[1.165, 0.535, 1.047, 0.395]
[1.072, 0.752, 1.011, 0.591]
[1.593, 0.692, 1.726, 0.524]
[1.589, 0.413, 1.455, 0.346]
[0.069, 0.446, 0.031, 0.547]
[1.824, 0.813, 1.998, 0.67]
[1.025, 0.108, 0.467, 0.035]
[0.009, 0.533, 0.091, 0.418]
[0.977, 0.763, 0.997, 0.708]
[0.085, 0.587, 0.181, 0.392]
[0.156, 0.593, 0.214, 0.727]
[1.64, 0.659, 1.679, 0.546]
[0.645, 0.815, 0.725, 0.579]
[1.707, 0.9, 1.77, 0.87]
[0.333, 0.611, 0.333, 0.793]
[1.201, 0.126, 1.066, 0.105]
[1.239, 0.066, 1.26, 0.064]
[1.659, 0.387, 1.583, 0.377]
[1.808, 0.948, 1.964, 0.836]
[1.091, 0.071, 1.305, 0.038]
[0.669, 0.625, 0.581, 0.733]
[1.236, 0.345, 1.112, 0.278]
[1.037, 0.52, 0.931, 0.375]
[1.853, 0.163, 1.841, 0.213]
[1.503, 0.435, 1.398, 0.385]
[1.228, 0.393, 1.075, 0.312]
[0.401, 0.61, 0.384, 0.681]
[1.386, 0.852, 1.353, 0.753]
[0.676, 0.591, 0.648, 0.413]
[1.039, 0.663, 0.957, 0.475]
[1.139, 0.193, 1.143, 0.131]
[1.705, 0.292, 1.53, 0.264]
[1.389, 0.798, 1.412, 0.657]
[0.478, 0.524, 0.438, 0.295]
[0.314, 0.303, 0.012, 0.359]
[0.154, 0.554, 0.21, 0.29]
[1.53, 0.904, 1.387, 0.937]
[1.021, 0.895, 0.879, 0.91]
[0.986, 0.294, 1.129, 0.122]
[1.491, 0.887, 1.382, 0.889]
[0.21, 0.649, 0.265, 0.709]
[0.364, 0.583, 0.358, 0.538]
[0.033, 0.631, 0.161, 0.931]
[1.067, 0.434, 0.987, 0.335]
[0.35, 0.558, 0.354, 0.387]
[0.854, 0.689, 0.789, 0.535]
[0.701, 0.635, 0.597, 0.826]
[0.72, 0.779, 0.678, 0.663]
[0.492, 0.645, 0.461, 0.854]
[0.123, 0.464, 0.095, 0.72]
[0.933, 0.615, 0.803, 0.535]
[1.739, 0.804, 1.928, 0.799]
[1.546, 0.879, 1.451, 0.864]
[0.697, 0.686, 0.628, 0.739]
[0.444, 0.721, 0.466, 0.598]
[1.577, 0.102, 1.677, 0.124]
[0.669, 0.416, 0.612, 0.253]
[0.758, 0.19, 1.072, 0.016]
[1.833, 0.859, 1.838, 0.775]
[0.172, 0.403, 0.038, 0.127]
[1.776, 0.149, 1.77, 0.157]
[0.138, 0.483, 0.151, 0.138]
[0.707, 0.485, 0.889, 0.12]
[1.234, 0.569, 1.117, 0.403]
[2.015, 0.234, 1.97, 0.251]
[1.589, 0.735, 1.667, 0.58]
[0.2, 0.449, 0.142, 0.586]
[1.483, 0.217, 1.299, 0.184]
[1.344, 0.301, 1.18, 0.245]
[1.142, 0.274, 1.002, 0.203]
[0.682, 0.608, 0.636, 0.45]
[1.744, 0.158, 1.942, 0.18]
[0.292, 0.562, 0.28, 0.802]
[1.683, 0.236, 1.504, 0.216]
[0.744, 0.855, 0.653, 0.893]
[1.375, 0.874, 1.299, 0.814]
[0.648, 0.829, 0.586, 0.808]
[1.666, 0.893, 1.6, 0.849]
[1.19, 0.786, 1.144, 0.66]
[0.725, 0.738, 0.691, 0.597]
[1.335, 0.141, 1.448, 0.135]
[0.46, 0.745, 0.471, 0.66]
[0.885, 0.879, 0.759, 0.894]
[1.726, 0.799, 1.908, 0.678]
[0.377, 0.622, 0.366, 0.814]
[0.61, 0.374, 0.529, 0.18]
[1.174, 0.71, 1.125, 0.836]
[0.843, 0.604, 0.721, 0.548]
[0.339, 0.454, 0.31, 0.163]
[1.677, 0.438, 1.72, 0.447]
[1.665, 0.936, 1.47, 0.922]
[1.808, 0.665, 1.899, 0.675]
[0.35, 0.367, 0.892, 0.003]
[1.211, 0.516, 1.094, 0.338]
[1.188, 0.806, 1.119, 0.805]
[0.162, 0.407, 0.036, 0.445]
[1.47, 0.796, 1.485, 0.73]
[1.782, 0.673, 1.86, 0.579]
[0.812, 0.61, 0.719, 0.49]
[0.994, 0.151, 0.754, 0.085]
[0.462, 0.672, 0.449, 0.872]
[0.7, 0.18, 0.027, 0.052]
[1.122, 0.855, 1.04, 0.794]
[0.733, 0.336, 0.62, 0.177]
[0.88, 0.223, 0.6, 0.096]
[1.531, 0.752, 1.582, 0.726]
[1.664, 0.834, 1.718, 0.862]
[1.252, 0.645, 1.175, 0.459]
[1.007, 0.836, 0.929, 0.834]
[1.397, 0.56, 1.307, 0.385]
[1.574, 0.41, 1.514, 0.39]
[0.919, 0.712, 0.886, 0.574]
[0.963, 0.837, 0.88, 0.824]
[-0.123, 0.538, 0.036, 0.658]
[1.849, 0.455, 1.822, 0.443]
[1.006, 0.757, 0.941, 0.622]
[-0.041, 0.509, 0.05, 0.768]
[1.458, 0.087, 1.584, 0.108]
[0.315, 0.377, 0.009, 0.948]
[0.0, 0.633, 0.147, 0.753]
[1.447, 0.701, 1.469, 0.569]
[0.109, 0.505, 0.121, 0.759]
[1.345, 0.64, 1.308, 0.446]
[0.123, 0.452, 0.09, 0.145]
[1.172, 0.678, 1.347, 0.38]
[0.212, 0.657, 0.266, 0.725]
[0.589, 0.76, 0.573, 0.65]
[0.46, 0.366, 0.314, 0.108]
[0.437, 0.599, 0.424, 0.531]
[1.906, 0.864, 1.936, 0.855]
[1.592, 0.26, 1.507, 0.246]
[0.619, 0.392, 0.555, 0.209]
[1.356, 0.116, 1.228, 0.109]
[1.534, 0.085, 1.566, 0.103]
[-0.05, 0.623, 0.117, 0.761]
[1.684, 0.897, 1.664, 0.869]
[1.083, 0.801, 1.025, 0.682]
[1.758, 0.147, 1.776, 0.158]
[0.097, 0.463, 0.079, 0.424]
[1.314, 0.875, 1.236, 0.836]
[0.857, 0.174, 0.437, 0.054]
[1.691, 0.705, 1.764, 0.712]
[1.456, 0.828, 1.445, 0.772]
[0.738, 0.388, 0.669, 0.237]
[0.58, 0.679, 0.543, 0.807]
[1.548, 0.797, 1.565, 0.707]
[0.758, 0.47, 0.74, 0.191]
[0.421, 0.681, 0.432, 0.624]
[1.299, 0.713, 1.33, 0.632]
[1.696, 0.789, 1.789, 0.692]
[0.918, 0.118, 0.473, 0.008]
[1.958, 0.516, 1.97, 0.476]
[0.345, 0.571, 0.379, 0.376]
[0.858, 0.152, 0.336, 0.046]
[0.996, 0.288, 0.838, 0.185]
[0.043, 0.546, 0.122, 0.324]
[1.195, 0.892, 1.078, 0.875]
[0.46, 0.279, 0.027, 0.18]
[0.955, 0.887, 0.826, 0.945]
[1.793, 0.504, 1.811, 0.509]
[1.847, 0.923, 1.881, 0.857]
[1.28, 0.158, 1.146, 0.116]
[0.011, 0.576, 0.119, 0.758]
[1.42, 0.501, 1.3, 0.364]
[0.841, 0.835, 0.752, 0.772]
[1.567, 0.198, 1.424, 0.171]
[1.318, 0.827, 1.308, 0.703]
[1.736, 0.705, 1.791, 0.64]
[0.657, 0.585, 0.672, 0.411]
[0.779, 0.614, 0.76, 0.448]
[0.09, 0.432, 0.026, 0.688]
[1.359, 0.224, 1.201, 0.199]
[1.449, 0.452, 1.294, 0.321]
[1.668, 0.863, 1.679, 0.844]
[-0.417, 1.264, 0.006, 0.705]
[0.943, 0.392, 0.91, 0.182]
[1.288, 0.551, 1.374, 0.306]
[1.417, 0.692, 1.429, 0.548]
[0.276, 0.577, 0.281, 0.632]
[1.389, 0.283, 1.185, 0.23]
[1.384, 0.88, 1.293, 0.84]
[1.845, 0.256, 1.69, 0.262]
[1.499, 0.714, 1.533, 0.635]
[0.679, 0.578, 0.664, 0.402]
[0.818, 0.517, 1.029, 0.14]
[0.83, 0.166, 1.31, 0.014]
[1.212, 0.868, 1.123, 0.883]
[0.487, 0.724, 0.484, 0.724]
[0.757, 0.463, 0.685, 0.305]
[0.779, 0.806, 0.716, 0.841]
[0.22, 0.467, 0.228, 0.142]
[1.534, 0.843, 1.516, 0.731]
[1.729, 0.776, 1.696, 0.682]
[1.748, 0.49, 1.745, 0.405]
[0.842, 0.465, 0.751, 0.308]
[1.552, 0.843, 1.535, 0.741]
[0.454, 0.537, 0.467, 0.192]
[0.818, 0.726, 0.789, 0.582]
[0.612, 0.605, 0.624, 0.424]
[1.701, 0.852, 1.857, 0.861]
[1.82, 0.135, 1.712, 0.208]
[1.323, 0.904, 1.174, 0.948]
[1.115, 0.616, 0.992, 0.456]
[1.301, 0.684, 1.561, 0.413]
[1.847, 0.365, 1.783, 0.368]
[0.302, 0.621, 0.32, 0.656]
[1.672, 0.716, 1.777, 0.567]
[0.215, 0.526, 0.259, 0.224]
[1.597, 0.414, 1.478, 0.31]
[1.327, 0.852, 1.242, 0.854]
[1.073, 0.089, 0.593, 0.045]
[1.163, 0.715, 1.105, 0.534]
[0.973, 0.373, 0.844, 0.259]
[0.613, 0.405, 0.574, 0.223]
[0.622, 0.492, 0.59, 0.32]
[1.308, 0.211, 1.191, 0.154]
[1.757, 0.846, 1.96, 0.712]
[0.94, 0.53, 0.822, 0.359]
[1.642, 0.875, 1.596, 0.86]
[0.441, 0.474, 0.384, 0.198]
[0.318, 0.702, 0.344, 0.806]
[1.822, 0.323, 1.742, 0.337]
[1.265, 0.572, 1.316, 0.511]
[1.52, 0.291, 1.32, 0.251]
[0.856, 0.786, 0.791, 0.725]
[1.256, 0.231, 1.089, 0.18]
[1.261, 0.724, 1.238, 0.543]
[0.496, 0.533, 0.463, 0.36]
[0.792, 0.553, 0.769, 0.395]
[1.195, 0.44, 1.044, 0.33]
[0.506, 0.644, 0.466, 0.776]
[1.582, 0.138, 1.618, 0.129]
[1.595, 0.497, 1.594, 0.464]
[1.735, 0.934, 1.751, 0.881]
[1.325, 0.691, 1.343, 0.563]
[1.285, 0.865, 1.228, 0.823]
[1.739, 0.833, 1.896, 0.7]
[1.514, 0.625, 1.756, 0.413]
[1.657, 0.58, 1.698, 0.559]
[1.734, 0.763, 1.892, 0.643]
[1.246, 0.066, 1.119, 0.043]
[1.658, 0.892, 1.713, 0.947]
[1.026, 0.755, 0.988, 0.641]
[0.449, 0.794, 0.441, 0.902]
[1.834, 0.83, 1.817, 0.819]
[0.592, 0.451, 0.531, 0.216]
[0.184, 0.459, 0.133, 0.352]
[1.752, 0.572, 1.762, 0.54]
[1.495, 0.494, 1.495, 0.457]
[0.148, 0.616, 0.229, 0.509]
[0.338, 0.601, 0.336, 0.676]
[0.405, 0.534, 0.389, 0.369]
[1.962, 0.227, 1.89, 0.245]
[0.179, 0.537, 0.209, 0.262]
[0.319, 0.617, 0.322, 0.859]
[1.482, 0.488, 1.46, 0.444]
[1.095, 0.742, 1.138, 0.679]
[1.998, 0.243, 1.968, 0.258]
[1.222, 0.678, 1.247, 0.553]
[1.285, 0.014, 1.147, 0.01]
[1.174, 0.51, 1.079, 0.401]
[1.22, 0.409, 1.058, 0.273]
[1.453, 0.545, 1.764, 0.308]
[0.265, 0.529, 0.248, 0.729]
[1.012, 0.151, 0.769, 0.088]
[1.097, 0.51, 0.991, 0.382]
[1.409, 0.864, 1.327, 0.82]
[1.701, 0.371, 1.581, 0.299]
[-0.138, 0.542, 0.035, 0.146]
[1.163, 0.659, 1.072, 0.483]
[0.148, 0.446, 0.094, 0.834]
[0.973, 0.188, 0.729, 0.11]
[1.993, 0.348, 1.989, 0.392]
[1.255, 0.613, 1.17, 0.421]
[0.872, 0.308, 0.899, 0.124]
[1.606, 0.858, 1.433, 0.902]
[0.832, 0.54, 0.72, 0.392]
[0.998, 0.397, 0.895, 0.288]
[1.362, 0.645, 1.33, 0.473]
[0.899, 0.601, 0.881, 0.459]
[1.016, 0.721, 0.942, 0.554]
[-0.027, 0.594, 0.12, 0.361]
[1.37, 0.481, 1.231, 0.369]
[0.532, 0.499, 0.498, 0.326]
[1.752, 0.425, 1.808, 0.45]
[1.377, 0.103, 1.285, 0.103]
[1.285, 0.705, 1.475, 0.477]
[0.663, 0.618, 0.668, 0.442]
[0.979, 0.638, 0.9, 0.468]
[0.285, 0.558, 0.296, 0.416]
[1.064, 0.701, 0.936, 0.936]
[0.597, 0.435, 0.544, 0.256]
[1.261, 0.267, 1.094, 0.2]
[1.041, 0.776, 0.984, 0.661]
[0.934, 0.868, 0.827, 0.911]
[1.197, 0.269, 1.022, 0.193]
[1.228, 0.791, 1.211, 0.698]
[0.593, 0.629, 0.516, 0.875]
[-0.035, 0.546, 0.076, 0.707]
[0.97, 0.606, 0.87, 0.425]
[1.788, 0.489, 1.795, 0.409]
[0.823, 0.194, 0.56, 0.082]
[1.204, 0.571, 1.092, 0.401]
[0.6, 0.374, 0.516, 0.171]
[0.116, 0.61, 0.197, 0.847]
[0.544, 0.334, 0.355, 0.101]
[1.319, 0.302, 1.2, 0.253]
[0.06, 0.526, 0.142, 0.169]
[1.876, 0.83, 1.922, 0.826]
[1.129, 0.426, 1.06, 0.342]
[0.723, 0.273, 0.504, 0.117]
[1.657, 0.188, 1.582, 0.183]
[1.372, 0.677, 1.361, 0.552]
[1.594, 0.095, 1.61, 0.145]
[1.626, 0.382, 1.561, 0.373]
[1.287, 0.103, 1.203, 0.099]
[0.053, 0.638, 0.174, 0.804]
[1.163, 0.687, 1.088, 0.709]
[0.37, 0.232, 0.018, 0.034]
[1.844, 0.226, 1.736, 0.223]
[1.616, 0.835, 1.612, 0.759]
[0.091, 0.604, 0.199, 0.39]
[0.665, 0.637, 0.627, 0.395]
[0.09, 0.634, 0.191, 0.855]
[1.861, 0.533, 1.876, 0.466]
[1.437, 0.808, 1.458, 0.776]
[0.646, 0.208, 0.028, 0.281]
[0.892, 0.809, 0.821, 0.772]
[1.198, 0.046, 0.503, 0.029]
[1.678, 0.777, 1.726, 0.742]
[1.232, 0.553, 1.174, 0.453]
[1.45, 0.358, 1.296, 0.314]
[1.097, 0.839, 1.024, 0.819]
[1.629, 0.441, 1.594, 0.42]
[1.2, 0.826, 1.139, 0.799]
[0.253, 0.548, 0.245, 0.926]
[1.607, 0.314, 1.459, 0.289]
[1.437, 0.696, 1.51, 0.652]
[0.928, 0.642, 0.869, 0.48]
[0.93, 0.14, 0.64, 0.061]
[0.951, 0.307, 0.818, 0.193]
[0.433, 0.5, 0.437, 0.295]
[0.745, 0.683, 0.7, 0.525]
[0.601, 0.758, 0.606, 0.793]
[0.533, 0.697, 0.523, 0.663]
[0.169, 0.498, 0.188, 0.158]
[1.659, -0.053, 1.358, 0.027]
[1.357, 0.282, 1.159, 0.223]
[1.456, 0.354, 1.274, 0.307]
[1.466, 0.344, 1.274, 0.266]
[0.06, 0.51, 0.098, 0.467]
[0.265, 0.518, 0.268, 0.782]
[1.527, 0.438, 1.444, 0.397]
[1.552, 0.881, 1.453, 0.845]
[1.48, 0.524, 1.427, 0.448]
[0.511, 0.745, 0.499, 0.844]
[0.734, 0.665, 0.703, 0.496]
[1.204, 0.764, 1.17, 0.647]
[1.123, 0.193, 0.987, 0.118]
[1.676, 0.935, 1.511, 0.912]
[1.437, 0.87, 1.373, 0.861]
[0.224, 0.48, 0.21, 0.395]
[1.666, 0.851, 1.734, 0.89]
[0.519, 0.369, 0.378, 0.116]
[0.176, 0.604, 0.233, 0.668]
[1.758, 0.718, 1.95, 0.563]
[0.594, 0.782, 0.569, 0.696]
[0.306, 0.279, 0.013, 0.579]
[0.173, 0.558, 0.199, 0.844]
[1.721, 0.872, 1.96, 0.857]
[1.437, 0.274, 1.238, 0.233]
[1.646, -0.028, 1.606, 0.042]
[1.077, 0.659, 0.956, 0.569]
[1.127, 0.751, 1.11, 0.651]
[0.437, 0.599, 0.424, 0.532]
[-0.036, 0.525, 0.064, 0.482]
[0.386, 0.485, 0.406, 0.246]
[1.719, 0.572, 1.79, 0.583]
[1.096, 0.609, 1.008, 0.456]
[1.019, 0.29, 0.897, 0.201]
[1.321, 0.688, 1.338, 0.558]
[1.139, 0.771, 1.08, 0.633]
[0.63, 0.506, 0.588, 0.335]
[0.131, 0.592, 0.224, 0.358]
[1.397, 0.605, 1.943, 0.295]
[1.923, 0.577, 1.96, 0.563]
[0.578, 0.688, 0.591, 0.517]
[0.41, 0.614, 0.482, 0.243]
[1.645, 0.751, 1.681, 0.698]
[0.592, 0.31, 0.371, 0.09]
[1.318, 0.01, 1.319, 0.028]
[1.033, 0.775, 0.958, 0.722]
[0.682, 0.815, 0.627, 0.87]
[1.188, 0.708, 1.108, 0.845]
[1.818, 0.632, 1.856, 0.593]
[1.055, 0.732, 1.112, 0.543]
[1.777, 0.223, 1.624, 0.226]
[1.056, 0.085, 0.857, 0.044]
[0.045, 0.614, 0.16, 0.894]
[0.876, 0.761, 0.923, 0.507]
[1.609, 0.909, 1.473, 0.924]
[0.823, 0.695, 0.77, 0.534]
[0.166, 0.548, 0.19, 0.629]
[0.281, 0.546, 0.283, 0.358]
[1.719, 0.738, 1.883, 0.579]
[1.044, 0.571, 0.917, 0.413]
[0.912, 0.774, 0.842, 0.655]
[0.757, 0.547, 0.694, 0.372]
[1.947, 0.387, 1.97, 0.433]
[1.823, 0.29, 1.774, 0.266]
[0.403, 0.613, 0.385, 0.703]
[1.263, 0.765, 1.246, 0.631]
[0.597, 0.642, 0.602, 0.464]
[0.175, 0.412, 0.075, 0.1]
[1.716, 0.461, 1.704, 0.349]
[1.629, 0.278, 1.425, 0.257]
[0.863, 0.786, 0.795, 0.699]
[1.1, 0.77, 1.043, 0.614]
[1.11, 0.897, 0.974, 0.931]
[0.793, 0.174, 0.177, 0.027]
[0.271, 0.553, 0.283, 0.388]
[1.103, 0.833, 1.024, 0.738]
[1.252, 0.855, 1.193, 0.774]
[1.463, 0.489, 1.466, 0.452]
[1.604, 0.361, 1.587, 0.356]
[1.45, 0.606, 1.43, 0.501]
[0.983, 0.802, 0.914, 0.699]
[1.586, 0.83, 1.573, 0.797]
[1.798, 0.709, 1.908, 0.699]
[1.366, 0.175, 1.392, 0.156]
[1.653, 0.916, 1.575, 0.939]
[1.3, 0.085, 1.3, 0.089]
[0.374, 0.498, 0.354, 0.257]
[0.107, 0.445, 0.071, 0.117]
[1.542, 0.205, 1.399, 0.183]
[1.428, 0.67, 1.431, 0.545]
[1.309, 0.556, 1.28, 0.474]
[0.878, 0.64, 0.806, 0.459]
[0.948, 0.832, 0.856, 0.753]
[1.252, 0.433, 1.189, 0.369]
[0.657, 0.624, 0.572, 0.738]
[1.661, 0.867, 1.482, 0.898]
[0.918, 0.838, 0.83, 0.813]
[0.294, 0.504, 0.275, 0.296]
[0.022, 0.491, 0.064, 0.64]
[1.017, 0.608, 0.922, 0.417]
[0.323, 0.458, 0.315, 0.168]
[0.164, 0.482, 0.138, 0.504]
[0.772, 0.347, 0.692, 0.205]
[0.844, 0.601, 0.773, 0.421]
[1.212, 0.171, 1.081, 0.112]
[1.516, 0.593, 1.501, 0.476]
[0.746, 0.191, 0.401, 0.059]
[0.433, 0.736, 0.441, 0.747]
[1.437, 0.096, 1.537, 0.113]
[1.598, 0.449, 1.507, 0.392]
[0.341, 0.582, 0.341, 0.681]
[0.295, 0.611, 0.305, 0.872]
[0.849, 0.248, 0.607, 0.12]
[0.643, 0.805, 0.599, 0.899]
[1.327, 0.044, 1.481, 0.061]
[1.963, 0.246, 1.875, 0.271]
[1.715, 0.84, 1.991, 0.885]
[1.703, 0.034, 1.979, 0.104]
[1.708, 0.29, 1.536, 0.277]
[0.166, 0.45, 0.111, 0.78]
[0.531, 0.797, 0.507, 0.87]
[1.249, 0.027, 1.706, 0.032]
[1.768, 0.459, 1.778, 0.355]
[1.254, 0.059, 1.251, 0.06]
[1.455, 0.656, 1.488, 0.474]
[0.052, 0.472, 0.061, 0.876]
[1.079, 0.688, 1.002, 0.504]
[0.344, 0.61, 0.347, 0.639]
[1.135, 0.826, 1.089, 0.754]
[1.392, 0.793, 1.418, 0.65]
[1.403, 0.783, 1.441, 0.625]
[1.751, 0.759, 1.893, 0.675]
[1.35, 0.017, 0.571, 0.027]
[1.341, 0.158, 1.199, 0.139]
[1.175, 0.792, 1.126, 0.655]
[1.42, 0.599, 1.515, 0.565]
[1.85, 0.898, 1.729, 0.938]
[1.83, 0.832, 1.793, 0.854]
[1.087, 0.629, 0.995, 0.443]
[1.348, 0.734, 1.288, 0.824]
[0.317, 0.454, 0.284, 0.152]
[1.778, 0.835, 1.709, 0.778]
[1.632, 0.419, 1.73, 0.436]
[1.266, 0.705, 1.236, 0.643]
[1.599, 0.708, 1.699, 0.534]
[1.371, 0.262, 1.338, 0.186]
[-0.033, 0.505, 0.05, 0.909]
[1.878, 0.265, 1.883, 0.277]
[1.124, 0.83, 1.04, 0.889]
[1.735, 0.923, 1.832, 0.873]
[0.709, 0.159, 0.137, 0.01]
[1.176, 0.052, 0.581, 0.028]
[1.626, 0.531, 1.607, 0.427]
[0.132, 0.619, 0.209, 0.86]
[1.501, 0.395, 1.423, 0.272]
[1.643, 0.186, 1.566, 0.165]
[1.112, 0.861, 1.024, 0.821]
[1.441, 0.364, 1.254, 0.304]
[1.227, 0.893, 1.107, 0.882]
[0.883, 0.112, 1.35, 0.006]
[1.809, 0.592, 1.826, 0.533]
[1.481, 0.246, 1.299, 0.208]
[1.75, 0.649, 1.826, 0.661]
[0.201, 0.585, 0.235, 0.719]
[1.462, 0.269, 1.32, 0.234]
[-0.058, 0.505, 0.033, 0.284]
[0.244, 0.477, 0.205, 0.263]
[1.653, 0.814, 1.682, 0.686]
[-0.066, 0.524, 0.053, 0.302]
[1.384, 0.726, 1.433, 0.661]
[0.941, 0.377, 0.819, 0.253]
[1.032, 0.853, 0.932, 0.793]
[1.423, 0.495, 1.4, 0.445]
[0.437, 0.681, 0.449, 0.588]
[0.199, 0.474, 0.16, 0.622]
[0.654, 0.683, 0.643, 0.517]
[1.567, 0.422, 1.874, 0.248]
[1.671, 0.879, 1.833, 0.948]
[1.788, 0.58, 1.809, 0.565]
[1.234, 0.828, 1.204, 0.755]
[0.163, 0.582, 0.22, 0.488]
[0.493, 0.732, 0.487, 0.776]
[1.297, 0.871, 1.241, 0.847]
[0.396, 0.531, 0.379, 0.345]
[1.081, 0.879, 0.971, 0.937]
[0.292, 0.522, 0.272, 0.466]
[1.472, 0.188, 1.299, 0.16]
[1.079, 0.168, 0.827, 0.089]
[1.376, 0.701, 1.435, 0.64]
[1.693, 0.843, 1.695, 0.732]
[1.395, 0.679, 1.466, 0.516]
[0.5, 0.661, 0.477, 0.681]
[1.743, 0.795, 1.736, 0.701]
[0.572, 0.709, 0.547, 0.77]
[0.636, 0.431, 0.609, 0.261]
[1.656, 0.219, 1.506, 0.201]
[0.365, 0.351, 0.228, 0.08]
[0.442, 0.643, 0.43, 0.682]
[0.647, 0.414, 0.603, 0.244]
[0.977, 0.384, 0.871, 0.272]
[1.003, 0.6, 0.91, 0.423]
[0.97, 0.726, 1.034, 0.43]
[1.313, 0.666, 1.634, 0.371]
[0.859, 0.588, 0.809, 0.426]
[0.594, 0.729, 0.568, 0.736]
[0.515, 0.57, 0.504, 0.402]
[1.643, 0.739, 1.679, 0.684]
[1.15, 0.37, 1.014, 0.283]
[1.508, 0.041, 1.989, 0.083]
[1.656, 0.797, 1.719, 0.657]
[0.588, 0.77, 0.564, 0.73]
[1.021, 0.094, 0.615, 0.042]
[0.162, 0.589, 0.224, 0.514]
[1.458, 0.139, 1.344, 0.134]
[1.616, -0.039, 1.189, 0.031]
[0.012, 0.53, 0.087, 0.719]
[0.862, 0.485, 0.816, 0.224]
[1.122, 0.768, 1.031, 0.802]
[1.324, 0.623, 1.259, 0.475]
[0.917, 0.67, 0.859, 0.509]
[1.259, 0.578, 1.157, 0.397]
[1.427, 0.675, 1.44, 0.573]
[1.479, 0.749, 1.431, 0.777]
[0.077, 0.639, 0.184, 0.924]
[1.218, 0.486, 1.144, 0.401]
[1.006, 0.367, 0.87, 0.252]
[0.283, 0.481, 0.271, 0.17]
[1.04, 0.126, 0.791, 0.073]
[0.252, 0.51, 0.253, 0.781]
[1.651, 0.88, 1.591, 0.803]
[1.6, 0.62, 1.82, 0.426]
[0.641, 0.45, 0.582, 0.27]
[0.478, 0.568, 0.442, 0.403]
[1.546, 0.038, 1.665, 0.077]
[1.174, 0.677, 1.196, 0.587]
[1.425, 0.12, 1.324, 0.116]
[1.386, 0.346, 1.299, 0.306]
[1.692, 0.082, 1.998, 0.118]
[1.285, 0.263, 1.148, 0.212]
[0.377, 0.776, 0.387, 0.943]
[0.263, 0.534, 0.248, 0.94]
[0.104, 0.446, 0.065, 0.805]
[1.803, 0.961, 1.679, 0.942]
[0.229, 0.414, 0.18, 0.094]
[1.702, 0.709, 1.747, 0.639]
[0.226, 0.549, 0.244, 0.355]
[1.42, 0.823, 1.435, 0.686]
[0.452, 0.492, 0.422, 0.28]
[0.289, 0.478, 0.237, 0.186]
[0.448, 0.577, 0.422, 0.473]
[0.659, 0.445, 0.642, 0.283]
[0.638, 0.617, 0.593, 0.506]
[1.679, 0.182, 1.582, 0.168]
[1.814, 0.867, 1.945, 0.75]
[0.686, 0.693, 0.669, 0.53]
[0.329, 0.536, 0.304, 0.388]
[1.747, 0.189, 1.695, 0.188]
[0.365, 0.601, 0.358, 0.639]
[1.16, 0.803, 1.12, 0.664]
[0.306, 0.31, 0.853, 0.005]
[1.266, 0.054, 1.314, 0.059]
[1.68, 0.501, 1.67, 0.467]
[1.303, 0.016, 1.897, 0.02]
[1.971, 0.212, 1.92, 0.221]
[1.376, 0.769, 1.374, 0.659]
[0.915, 0.79, 0.846, 0.766]
[1.602, -0.019, 1.502, 0.041]
[1.012, 0.556, 1.007, 0.446]
[0.651, 0.725, 0.608, 0.883]
[0.593, 0.609, 0.52, 0.656]
[1.241, 0.185, 1.201, 0.152]
[0.904, 0.29, 0.751, 0.169]
[1.388, 0.096, 1.305, 0.099]
[1.663, 0.112, 1.9, 0.141]
[0.463, 0.581, 0.437, 0.4]
[0.595, 0.753, 0.604, 0.718]
[1.239, 0.117, 1.09, 0.079]
[0.428, 0.658, 0.435, 0.574]
[0.67, 0.682, 0.666, 0.514]
[0.154, 0.414, 0.073, 0.267]
[0.182, 0.638, 0.25, 0.608]
[1.543, 0.646, 1.562, 0.549]
[0.559, 0.65, 0.55, 0.399]
[0.334, 0.588, 0.338, 0.553]
[1.561, 0.352, 1.781, 0.215]
[-0.034, 0.594, 0.111, 0.47]
[1.244, 0.798, 1.215, 0.685]
[1.823, 0.291, 1.806, 0.3]
[1.113, 0.848, 1.036, 0.847]
[0.899, 0.255, 0.766, 0.119]
[0.838, 0.747, 0.909, 0.395]
[0.232, 0.64, 0.27, 0.907]
[0.31, 0.526, 0.313, 0.307]
[0.2, 0.456, 0.149, 0.654]
[1.643, 0.217, 1.494, 0.194]
[1.35, 0.186, 1.172, 0.154]
[1.851, 0.939, 1.815, 0.923]
[1.092, 0.164, 0.833, 0.094]
[0.513, 0.598, 0.488, 0.5]
[0.548, 0.422, 0.503, 0.227]
[1.754, 0.94, 1.715, 0.866]
[0.146, 0.514, 0.196, 0.17]
[1.051, 0.76, 0.987, 0.63]
[1.732, 0.395, 1.686, 0.394]
[0.223, 0.483, 0.212, 0.466]
[1.178, 0.709, 1.117, 0.556]
[1.187, 0.783, 1.142, 0.66]
[0.374, 0.564, 0.36, 0.423]
[1.306, 0.913, 1.153, 0.94]
[0.958, 0.438, 0.906, 0.327]
[0.94, 0.814, 0.867, 0.798]
[1.555, 0.928, 1.348, 0.944]
[0.998, 0.605, 0.872, 0.461]
[0.354, 0.557, 0.393, 0.348]
[1.646, 0.864, 1.613, 0.768]
[1.603, 0.353, 1.43, 0.282]
[0.398, 0.308, 0.036, 0.156]
[0.673, 0.211, 0.196, 0.045]
[1.925, 0.274, 1.847, 0.279]
[1.17, 0.13, 0.883, 0.077]
[0.15, 0.512, 0.153, 0.576]
[0.796, 0.798, 0.733, 0.696]
[0.594, 0.571, 0.528, 0.477]
[0.824, 0.529, 0.741, 0.35]
[0.787, 0.782, 0.727, 0.686]
[1.348, 0.09, 1.279, 0.089]
[0.961, 0.645, 0.915, 0.41]
[1.314, 0.315, 1.135, 0.251]
[0.441, 0.616, 0.415, 0.719]
[1.187, 0.565, 1.428, 0.232]
[0.837, 0.478, 0.746, 0.309]
[0.373, 0.648, 0.375, 0.742]
[1.357, 0.417, 1.335, 0.379]
[1.837, 0.996, 1.931, 0.93]
[1.037, 0.838, 0.949, 0.759]
[1.105, 0.443, 1.037, 0.352]
[1.374, 0.846, 1.346, 0.746]
[1.095, 0.502, 0.977, 0.368]
[0.873, 0.152, 0.444, 0.013]
[1.812, 0.803, 1.81, 0.683]
[1.042, 0.214, 0.846, 0.142]
[1.028, 0.684, 0.96, 0.529]
[1.926, 0.506, 1.927, 0.465]
[1.777, 0.845, 1.608, 0.886]
[0.936, 0.39, 0.858, 0.278]
[0.997, 0.709, 1.077, 0.389]
[1.556, 0.806, 1.562, 0.744]
[1.884, 0.262, 1.768, 0.267]
[1.808, 0.23, 1.682, 0.223]
[1.735, 0.764, 1.83, 0.724]
[1.812, 0.976, 1.746, 0.931]
[1.17, 0.842, 1.114, 0.755]
[0.094, 0.589, 0.186, 0.418]
[0.366, 0.579, 0.38, 0.393]
[1.695, 0.721, 1.743, 0.69]
[1.639, 0.828, 1.669, 0.722]
[0.656, 0.411, 0.586, 0.214]
[1.555, 0.422, 1.641, 0.272]
[1.555, 0.659, 1.609, 0.619]
[1.408, 0.054, 1.671, 0.082]
[0.599, 0.413, 0.686, 0.087]
[1.432, 0.085, 1.547, 0.104]
[0.356, 0.355, 1.308, 0.003]
[0.907, 0.352, 0.788, 0.23]
[0.674, 0.525, 0.613, 0.354]
[0.735, 0.289, 0.566, 0.141]
[0.598, 0.661, 0.571, 0.561]
[1.755, 0.296, 1.648, 0.29]
[1.746, 0.793, 1.69, 0.716]
[0.218, 0.407, 0.126, 0.07]
[1.202, 0.39, 1.025, 0.27]
[0.692, 0.652, 0.615, 0.738]
[1.35, 0.033, 1.63, 0.056]
[1.048, 0.402, 0.913, 0.292]
[0.856, 0.431, 0.768, 0.294]
[1.489, 0.677, 1.537, 0.618]
[1.072, 0.877, 0.956, 0.851]
[1.817, 0.19, 1.74, 0.189]
[0.051, 0.536, 0.119, 0.313]
[0.608, 0.387, 0.545, 0.197]
[0.181, 0.562, 0.21, 0.634]
[0.557, 0.693, 0.538, 0.661]
[0.6, 0.425, 0.555, 0.151]
[0.69, 0.766, 0.789, 0.353]
[0.997, 0.112, 0.312, 0.022]
[1.512, 0.633, 1.585, 0.454]
[0.127, 0.452, 0.088, 0.341]
[0.764, 0.452, 0.704, 0.215]
[0.263, 0.59, 0.303, 0.442]
[0.293, 0.361, 0.136, 0.058]
[0.95, 0.574, 0.825, 0.425]
[0.138, 0.44, 0.081, 0.772]
[1.751, 0.757, 1.944, 0.615]
[0.218, 0.337, 0.014, 0.042]
[0.976, 0.593, 0.883, 0.409]
[1.717, 0.871, 1.51, 0.942]
[1.862, 0.451, 1.856, 0.465]
[1.55, 0.083, 1.927, 0.12]
[0.948, 0.433, 0.871, 0.314]
[0.304, 0.356, 1.268, 0.005]
[0.165, 0.405, 0.035, 0.094]
[1.791, 0.699, 1.876, 0.654]
[1.52, 0.897, 1.386, 0.866]
[1.293, 0.02, 1.659, 0.019]
[1.304, 0.287, 1.145, 0.229]
[1.829, 0.54, 1.878, 0.562]
[0.481, 0.622, 0.439, 0.79]
[0.292, 0.57, 0.298, 0.484]
[1.852, 0.927, 1.896, 0.862]
[1.84, 0.237, 1.919, 0.255]
[1.155, 0.638, 1.123, 0.523]
[1.638, 0.78, 1.71, 0.65]
[0.774, 0.629, 0.776, 0.47]
[0.875, 0.468, 0.78, 0.318]
[1.203, 0.488, 1.109, 0.393]
[1.3, 0.629, 1.234, 0.484]
[0.944, 0.617, 0.873, 0.452]
[1.815, 0.828, 1.789, 0.804]
[0.301, 0.628, 0.315, 0.813]
[0.228, 0.447, 0.173, 0.114]
[-0.008, 0.562, 0.113, 0.254]
[0.158, 0.437, 0.092, 0.769]
[1.189, 0.112, 1.064, 0.093]
[0.527, 0.419, 0.481, 0.211]
[0.957, 0.688, 1.058, 0.312]
[1.592, 0.445, 1.497, 0.388]
[1.695, 0.204, 1.575, 0.191]
[1.411, 0.785, 1.46, 0.618]
[1.634, 0.781, 1.663, 0.747]
[1.048, 0.084, 0.916, 0.04]
[0.001, 0.539, 0.088, 0.805]
[1.554, 0.246, 1.367, 0.22]
[1.791, 0.58, 1.876, 0.608]
[0.136, 0.454, 0.1, 0.163]
[0.176, 0.628, 0.243, 0.635]
[0.891, 0.821, 0.817, 0.883]
[0.782, 0.871, 0.668, 0.888]
[1.066, 0.097, 0.581, 0.008]
[1.028, 0.604, 0.933, 0.424]
[1.253, 0.077, 1.286, 0.077]
[0.419, 0.602, 0.411, 0.453]
[1.122, 0.608, 1.035, 0.444]
[1.021, 0.631, 0.892, 0.571]
[1.152, 0.83, 1.091, 0.788]
[1.409, 0.752, 1.332, 0.926]
[1.554, 0.864, 1.489, 0.811]
[1.484, 0.897, 1.323, 0.919]
[0.758, 0.852, 0.668, 0.879]
[1.765, 0.233, 1.595, 0.222]
[1.12, 0.654, 1.093, 0.537]
[1.055, 0.743, 1.095, 0.634]
[1.726, 0.768, 1.83, 0.691]
[0.707, 0.816, 0.645, 0.759]
[1.184, 0.867, 1.103, 0.818]
[0.801, 0.41, 0.742, 0.273]
[0.432, 0.501, 0.442, 0.293]
[1.766, 0.905, 1.665, 0.856]
[0.733, 0.389, 0.657, 0.236]
[0.08, 0.488, 0.09, 0.709]
[0.117, 0.449, 0.078, 0.365]
[1.646, 0.534, 1.863, 0.362]
[1.794, 0.939, 1.985, 0.831]
[1.678, 0.935, 1.461, 0.946]
[1.022, 0.485, 0.918, 0.355]
[1.514, 0.435, 1.373, 0.342]
[1.169, 0.41, 1.011, 0.299]
[0.91, 0.141, 1.573, 0.012]
[1.727, 0.734, 1.8, 0.724]
[1.712, 0.41, 1.628, 0.351]
[0.929, 0.489, 0.845, 0.349]
[0.898, 0.669, 0.771, 0.77]
[0.607, 0.55, 0.539, 0.412]
[1.346, 0.215, 1.169, 0.165]
[1.781, 0.237, 1.615, 0.227]
[1.564, 0.871, 1.469, 0.804]
[0.6, 0.743, 0.583, 0.633]
[1.087, 0.169, 1.022, 0.088]
[1.555, 0.054, 1.671, 0.098]
[1.647, 0.177, 1.573, 0.173]
[1.758, 0.514, 1.785, 0.412]
[0.405, 0.559, 0.392, 0.441]
[0.101, 0.444, 0.065, 0.098]
[0.221, 0.61, 0.267, 0.584]
[1.316, 0.789, 1.34, 0.725]
[1.727, 0.783, 1.901, 0.634]
[0.636, 0.645, 0.608, 0.487]
[1.652, -0.06, 1.645, 0.021]
[0.248, 0.508, 0.248, 0.81]
[1.737, 0.209, 1.774, 0.216]
[1.285, 0.841, 1.257, 0.781]
[0.933, 0.621, 0.928, 0.489]
[1.201, 0.874, 1.11, 0.825]
[1.153, 0.609, 1.078, 0.443]
[0.827, -0.252, 0.005, 0.013]
[0.266, 0.584, 0.283, 0.596]
[1.615, 0.72, 1.667, 0.599]
[1.541, 0.661, 1.564, 0.553]
[1.691, 0.46, 1.75, 0.473]
[0.848, 0.446, 0.78, 0.309]
[1.274, 0.512, 1.275, 0.45]
[0.994, 0.109, 1.218, 0.008]
[0.182, 0.604, 0.231, 0.912]
[1.586, -0.012, 1.45, 0.044]
[1.531, 0.266, 1.349, 0.229]
[0.778, 0.347, 0.687, 0.203]
[1.892, 0.832, 1.959, 0.738]
[1.344, 0.003, 1.767, 0.025]
[0.171, 0.522, 0.173, 0.811]
[1.463, 0.526, 1.384, 0.368]
[1.64, 0.762, 1.612, 0.68]
[1.618, 0.49, 1.566, 0.423]
[0.833, 0.862, 0.728, 0.88]
[1.305, 0.152, 1.115, 0.125]
[0.169, 0.548, 0.219, 0.276]
[1.635, 0.812, 1.655, 0.801]
[1.438, 0.91, 1.288, 0.946]
[1.696, 0.893, 1.936, 0.938]
[1.071, 0.538, 0.939, 0.363]
[1.181, 0.715, 1.094, 0.796]
[1.067, 0.592, 0.966, 0.41]
[0.576, 0.542, 0.544, 0.265]
[-0.028, 0.49, 0.034, 0.173]
[0.788, 0.851, 0.702, 0.947]
[1.031, 0.871, 0.92, 0.859]
[0.359, 0.354, 0.194, 0.003]
[1.67, 0.304, 1.657, 0.305]
[0.37, 0.253, 0.022, 0.031]
[1.808, 0.3, 1.854, 0.316]
[1.551, 0.869, 1.476, 0.814]
[1.241, 0.136, 1.141, 0.119]
[1.825, 0.409, 1.829, 0.431]
[0.23, 0.504, 0.211, 0.762]
[1.81, 0.801, 1.959, 0.577]
[1.637, 0.078, 1.703, 0.152]
[1.302, 0.024, 1.335, 0.038]
[0.38, 0.3, 0.022, 0.744]
[1.162, 0.816, 1.12, 0.693]
[1.682, 0.344, 1.562, 0.337]
[1.198, 0.472, 1.048, 0.315]
[1.334, 0.315, 1.208, 0.221]
[0.425, 0.544, 0.394, 0.342]
[0.838, 0.586, 0.715, 0.498]
[0.967, 0.19, 0.667, 0.096]
[0.644, 0.58, 0.611, 0.406]
[1.747, 0.528, 1.739, 0.467]
[1.104, 0.788, 1.049, 0.674]
[1.706, 0.942, 1.539, 0.91]
[1.279, 0.455, 1.149, 0.366]
[0.233, 0.57, 0.246, 0.725]
[0.568, 0.709, 0.57, 0.558]
[0.341, 0.588, 0.356, 0.627]
[0.514, 0.594, 0.506, 0.434]
[1.578, 0.114, 1.891, 0.147]
[0.599, 0.697, 0.561, 0.863]
[1.478, 0.442, 1.335, 0.321]
[0.472, 0.4, 0.374, 0.09]
[0.611, 0.48, 0.56, 0.304]
[1.8, 0.214, 1.667, 0.208]
[0.935, 0.734, 0.865, 0.582]
[0.196, 0.442, 0.139, 0.916]
[1.115, 0.451, 1.148, 0.202]
[1.397, 0.708, 1.415, 0.607]
[1.009, 0.653, 0.894, 0.635]
[1.184, 0.148, 0.965, 0.112]
[0.584, 0.494, 0.541, 0.323]
[0.847, 0.448, 0.732, 0.288]
[1.69, 0.773, 1.747, 0.756]
[0.52, 0.582, 0.488, 0.481]
[1.091, 0.085, 0.525, 0.016]
[-0.014, 0.634, 0.139, 0.941]
[0.692, 0.562, 0.64, 0.39]
[0.514, 0.275, 0.17, 0.04]
[1.158, 0.059, 0.786, 0.026]
[0.725, 0.46, 0.651, 0.287]
[1.737, 0.73, 1.934, 0.565]
[0.701, 0.66, 0.673, 0.49]
[0.72, 0.596, 0.672, 0.421]
[1.497, 0.562, 1.603, 0.375]
[1.317, 0.645, 1.34, 0.564]
[1.291, 0.809, 1.281, 0.676]
[0.986, 0.821, 0.91, 0.755]
[-0.064, 0.512, 0.039, 0.81]
[0.265, 0.588, 0.279, 0.675]
[1.614, 0.927, 1.426, 0.927]
[0.53, 0.838, 0.627, 0.847]
[0.229, 0.552, 0.234, 0.609]
[0.868, 0.721, 0.791, 0.886]
[1.041, 0.683, 0.964, 0.498]
[1.344, 0.784, 1.355, 0.695]
[-0.178, 0.564, 0.033, 0.794]
[1.86, 0.452, 1.945, 0.502]
[0.541, 0.636, 0.489, 0.711]
[1.248, 0.914, 1.099, 0.939]
[1.961, 0.252, 1.903, 0.265]
[1.159, 0.763, 1.111, 0.599]
[0.624, 0.4, 0.563, 0.223]
[-0.036, 0.553, 0.08, 0.704]
[0.788, 0.724, 0.733, 0.636]
[0.639, 0.516, 0.647, 0.346]
[-0.159, 0.556, 0.037, 0.312]
[0.15, 0.526, 0.164, 0.772]
[0.533, 0.468, 0.515, 0.28]
[1.321, 0.743, 1.342, 0.559]
[1.355, 0.886, 1.266, 0.878]
[1.032, 0.5, 0.888, 0.339]
[0.113, 0.551, 0.16, 0.652]
[0.586, 0.582, 0.55, 0.442]
[1.16, 0.859, 1.085, 0.804]
[1.532, 0.843, 1.508, 0.754]
[0.296, 0.587, 0.304, 0.595]
[0.857, 0.281, 0.682, 0.153]
[0.617, 0.667, 0.58, 0.625]
[0.864, 0.421, 0.746, 0.266]
[1.135, 0.901, 0.993, 0.934]
[0.051, 0.491, 0.077, 0.629]
[0.139, 0.418, 0.071, 0.388]
[-0.015, 0.562, 0.1, 0.431]
[1.506, 0.067, 1.999, 0.106]
[0.363, 0.55, 0.338, 0.406]
[1.076, 0.084, 1.464, 0.051]
[0.739, 0.157, 1.261, 0.009]
[2.002, 0.131, 1.947, 0.205]
[1.589, 0.619, 1.628, 0.476]
[0.197, 0.607, 0.248, 0.646]
[1.406, 0.063, 1.765, 0.092]
[1.25, 0.715, 1.204, 0.642]
[1.471, 0.809, 1.503, 0.667]
[0.124, 0.504, 0.129, 0.753]
[1.125, 0.654, 1.015, 0.508]
[1.439, 0.714, 1.474, 0.633]
[0.849, 0.813, 0.78, 0.852]
[1.187, 0.046, 1.917, 0.039]
[1.536, 0.809, 1.564, 0.667]
[1.433, 0.919, 1.245, 0.948]
[0.322, 0.529, 0.337, 0.315]
[1.587, 0.57, 1.906, 0.363]
[1.33, 0.052, 1.276, 0.056]
[1.578, 0.274, 1.379, 0.241]
[1.34, 0.889, 1.232, 0.86]
[1.783, 0.337, 1.695, 0.289]
[1.585, 0.651, 1.609, 0.567]
[0.477, 0.73, 0.48, 0.685]
[1.183, 0.561, 1.066, 0.377]
[1.406, 0.687, 1.531, 0.519]
[1.659, 0.659, 1.776, 0.483]
[0.806, 0.828, 0.724, 0.781]
[1.107, 0.757, 1.042, 0.617]
[1.31, 0.793, 1.331, 0.629]
[-0.024, 0.512, 0.059, 0.836]
[0.558, 0.629, 0.492, 0.852]
[1.574, 0.499, 1.67, 0.335]
[0.89, 0.417, 0.802, 0.288]
[0.931, 0.659, 0.795, 0.811]
[1.73, 0.893, 1.763, 0.796]
[0.495, 0.717, 0.492, 0.686]
[0.59, 0.595, 0.6, 0.411]
[1.104, 0.592, 1.017, 0.447]
[1.335, 0.882, 1.246, 0.852]
[1.751, 0.905, 1.616, 0.875]
[1.499, 0.691, 1.572, 0.658]
[0.709, 0.741, 0.659, 0.833]
[1.079, 0.6, 0.982, 0.43]
[1.285, 0.108, 1.117, 0.08]
[0.335, 0.643, 0.355, 0.606]
[1.369, 0.818, 1.367, 0.707]
[0.677, 0.343, 0.567, 0.17]
[1.48, 0.769, 1.423, 0.743]
[-0.118, 0.542, 0.043, 0.76]
[0.322, 0.543, 0.302, 0.49]
[0.224, 0.504, 0.232, 0.185]
[0.726, 0.769, 0.685, 0.647]
[1.382, 0.747, 1.408, 0.658]
[1.9, 0.313, 1.846, 0.338]
[1.208, 0.672, 1.229, 0.53]
[1.7, 0.886, 1.94, 0.921]
[1.131, 0.452, 0.993, 0.334]
[1.105, 0.586, 1.102, 0.485]
[0.318, 0.499, 0.35, 0.231]
[0.184, 0.53, 0.188, 0.765]
[1.251, 0.672, 1.308, 0.514]
[0.982, 0.448, 0.896, 0.329]
[1.62, 0.083, 1.837, 0.11]
[0.508, 0.623, 0.458, 0.807]
[0.468, 0.717, 0.47, 0.698]
[1.08, 0.147, 0.875, 0.1]
[0.067, 0.609, 0.172, 0.697]
[1.552, 0.314, 1.507, 0.301]
[1.179, 0.848, 1.114, 0.807]
[1.678, 0.278, 1.482, 0.261]
[1.695, 0.86, 1.775, 0.835]
[-0.035, 0.498, 0.041, 0.716]
[0.363, 0.715, 0.382, 0.775]
[1.289, 0.185, 1.185, 0.14]
[0.411, 0.628, 0.411, 0.581]
[0.631, 0.628, 0.574, 0.613]
[1.61, 0.33, 1.573, 0.321]
[0.075, 0.537, 0.129, 0.493]
[0.496, 0.316, 0.279, 0.069]
[-0.028, 0.611, 0.123, 0.61]
[1.712, 0.423, 1.7, 0.422]
[0.01, 0.5, 0.068, 0.312]
[0.293, 0.456, 0.221, 0.148]
[1.2, 0.824, 1.178, 0.76]
[0.16, 0.471, 0.127, 0.308]
[1.287, 0.205, 1.297, 0.156]
[1.18, 0.689, 1.114, 0.699]
[0.909, 0.652, 0.834, 0.471]
[0.755, 0.72, 0.705, 0.614]
[1.71, 0.569, 1.999, 0.391]
[1.649, 0.59, 1.683, 0.56]